1.781851990539970121e+00
2.498794871784328908e-01
-5.724749538513718150e-02
2.114638811740370272e-01
-1.000470632187798081e+00
6.949541044922302735e-01
1.008391520734099878e-01
-1.187449418276021351e+00
2.112972777653471246e-01
-1.000470632187798081e+00
7.110097848306056179e-01
-1.301373034448287669e-01
-1.000470632187798081e+00
5.473159319911777843e-01
-4.271031841979984200e-01
-6.884550778681535199e-01
-1.522233119610075347e+00
-8.754423127835566643e-01
-6.966748681672192411e-01
-1.913064055689791099e+00
-8.731853549759303057e-01
-9.940997058760947525e-03
-1.000470632187798081e+00
3.545210348547822576e-03
-7.590837706481314839e-01
9.958256145501618306e-01
-2.129025335182201939e-01
-1.781997796942584422e+00
-3.080734724660629809e-01
-3.046810567088021671e+00
-2.262090999428010285e-01
-4.690422938952303333e-01
-1.147567822403215532e+00
-1.140475289626154076e+00
1.487348422999687170e+00
-3.805422458275606878e-01
-3.931818212689739411e-01
-9.617352903112585949e-01
-2.018798417192268602e+00
-6.072706241901197899e-01
-1.000470632187798081e+00
-1.069517324138258507e+00
-1.745771538350896712e+00
-1.645831639244927924e+00
-1.122490624098286371e+00
-2.159743594237367947e+00
1.245733783291769203e-02
-1.955468649907331713e+00
-9.693133766724923994e-01
6.188329513334749343e-01
-1.840814729502131541e-01
-1.000470632187798081e+00
-1.782296126197784325e-01
1.540961595574441123e+00
1.615588438151257744e+00
-8.870692581041486058e-01
-3.912373414334540112e-01
-7.631651165905362078e-03
4.929287518181986183e-01
-2.027381905419304076e+00
1.077311702768983803e+00
-1.233645316330757469e+00
-1.144876435701547290e+00
-2.071839738829752697e-01
-2.847885777276770725e-02
-7.633512658176679899e-01
2.970619485851457853e-01
1.369857987107097053e-01
-1.751074998462633925e-01
7.421874524133165174e-02
-3.644739002069676825e-01
1.508255416060419574e+00
9.014252716227271200e-01
5.772098786149455485e-01
-2.209538934885928008e+00
-1.296670200931857586e-01
-3.443000128077922106e-01
-3.201864937962903279e-01
9.591173554418692682e-01
-2.068780405503981790e+00
-4.452886250362069198e-01
-8.076415865845357756e-01
-1.960340925642182208e+00
5.917491109071593147e-01
5.151481731720575219e-01
-1.000470632187798081e+00
-7.214937089060859954e-01
1.311946355019788513e-02
-4.488674363462112904e-01
9.757918601732971098e-01
-1.202201701510369203e-01
3.343962436069851663e-01
4.161644407449611727e-01
-6.392920701941071648e-01
-6.702252366637817538e-01
-3.596781823406923762e-01
-8.352260844598382583e-01
-1.336382326437784984e+00
-6.181942953721450973e-01
1.788517819758848049e+00
-1.141324199200034473e+00
9.085211932976466898e-02
-5.839124768017061040e-01
7.493998316181913477e-01
-1.000470632187798081e+00
4.750836987930731059e-01
-2.846377167182656542e-01
2.024229038212488341e-01
-1.844882620845933907e+00
-1.680315535003528371e+00
-3.337135663292344345e-01
6.488658908711126827e-01
1.571345427965352481e+00
-8.930177663622870243e-01
7.156394289492808980e-01
-7.562993019061439171e-01
1.226894121123292880e+00
7.168942074611690529e-01
1.336420192371794435e+00
-1.800727938661872640e+00
-8.363407921096999154e-02
-5.462293072805608496e-01
-3.525748475091732725e+00
-5.966815858638203629e-01
-1.895459632815598594e+00
-1.061008054389275479e+00
-1.637921433954393713e+00
-1.276337672713498517e+00
-1.953951013072866560e+00
-9.297442703446563428e-01
1.701894121070185673e+00
1.738880614492754884e+00
8.746896397616119589e-01
-2.049166809364940445e+00
8.442368758308211873e-01
6.726227868449812242e-01
-7.574556945497623595e-01
4.706377050453851574e-01
-8.474657547479425013e-01
6.862914771677222081e-01
-7.932726622862928956e-01
1.515422821926205810e+00
-1.008264928385827819e+00
-3.072777092835863311e-01
-2.606018704577994782e-02
-1.813930261893927920e+00
9.572344153616860751e-01
-2.587981281972560943e+00
-1.075832668370025447e+00
3.875562694974417077e-01
-4.168082165954047902e-01
5.569323887392902961e-01
-1.208012766774680724e+00
1.120483611998190021e+00
1.124677284098951624e+00
-1.000470632187798081e+00
1.487456710240929514e+00
3.730992295859905106e-01
-1.029415396742455968e+00
-2.036162960507579278e-01
-6.534726642236261540e-01
-9.654766688804103936e-01
1.227713884945058176e+00
-1.900641158776401829e+00
-7.016819011949593232e-02
3.691951367961818775e-01
-8.620509909557410033e-01
1.145025479226525977e+00
-3.128039849924797444e-01
-8.087728295002902801e-01
1.153016265007392072e+00
-1.788692964384648088e+00
5.499739709092330564e-01
1.100352660402693195e+00
-6.561908138783263400e-01
-7.809704081714792245e-01
-1.157784498771774473e-01
-1.448172978287418422e+00
-1.430797262895882049e+00
-8.500011477786602043e-01
7.286076749786380979e-01
1.631508882431852658e+00
-1.715278380961518190e+00
-1.003534011301963069e+00
-7.900683417845829615e-01
-6.243404911495302745e-01
-3.083693591723561944e-01
-6.480320614113610489e-01
1.282622822536128027e+00
-7.725797965757372765e-01
-1.078638025174412096e+00
1.573628171866673586e+00
8.946117806142892537e-01
3.371965884733016949e-01
-4.982621511680913606e-01
-1.231895787346124038e+00
-1.000470632187798081e+00
-1.248041365314838114e+00
-6.309442384159769102e-02
-2.705852197998419140e+00
3.692853518028682558e-01
-1.237356285906041187e+00
-2.449981906866931070e+00
-1.347725848858700282e+00
3.129795108002353388e-01
-8.066778224249913087e-01
6.416013563826989952e-01
-8.332548070892302761e-01
8.453636161558661932e-01
-7.747843588321438046e-01
-1.942104088856919653e-01
2.513472307633324299e-03
1.450157225574093989e+00
-1.605567999593471962e+00
-5.714969513532004441e-01
-1.414488043563456809e+00
-8.879537195619581214e-01
3.031190360843025733e-01
-6.492306585711156153e-01
-1.937029555032245831e-01
3.305826748120548331e-01
-5.089932936705554578e-01
-7.567386810909189077e-01
-7.150131488846467320e-03
-1.575958582212503067e+00
-1.494751353233430446e+00
5.934889293716456571e-01
-1.228942101970042611e+00
-7.568878800450073996e-02
-1.230336190824510512e+00
-5.076679045249004041e-01
3.429960878575726291e-01
-6.932623596835889579e-01
-1.402959976721082747e+00
-3.885251566308624005e-01
-2.563126397547077051e+00
1.906623898636814474e-01
-1.000470632187798081e+00
-7.763114175735839062e-01
-1.000470632187798081e+00
2.901044199777538246e-01
7.325294035233085310e-01
4.357824691035006026e-02
-1.000470632187798081e+00
-5.557839772559654001e-01
9.322934440389336608e-01
-6.156722484959229469e-01
-2.985860199120051739e-01
-2.707300985074682642e-01
-2.488863730605284097e-01
-1.529665480546912315e-01
-1.929430168852393601e+00
7.138956997041345787e-02
6.694081604460413448e-01
-8.218218146708833327e-02
7.670751334302030600e-01
3.803681894687906961e-01
1.069720749395393078e+00
1.201797072932003996e+00
-1.329245040448467918e+00
2.933496781744882043e-01
-6.019948215497512578e-01
1.669205879277195770e-01
1.392426236359592728e+00
-1.210397140104153113e+00
-2.594335692041140895e-01
1.014020424157295874e-01
9.185662787938067009e-01
-8.374819647081196416e-01
-8.349393738912410656e-01
5.585161598775751912e-01
8.744591000552806026e-01
-2.631497813655258700e+00
-5.155218928416545054e-01
-4.537210788688370577e-01
-1.156520326163679169e+00
-7.816958730471854633e-01
-1.575803510744238523e+00
3.298011206113349303e-01
1.114424066285243375e+00
-1.677123009580913759e+00
6.158475990660567945e-01
7.749369605116096515e-01
-2.910915038350632145e-01
4.799844911551365279e-01
-9.897654365693343559e-01
-1.000470632187798081e+00
-1.313428866360179637e+00
-5.799110010370793766e-01
-1.018346576203334131e+00
-9.931947639946288042e-01
-9.554765078690937719e-01
2.192487042040497602e+00
-1.037936067907785809e+00
-3.441598175180242691e-01
-2.651878538458405821e+00
-1.659369413438293916e+00
-1.306335405109072312e+00
-2.240516713660234416e+00
1.622943056470391721e+00
3.498869890652005488e-01
-3.903572516525863900e-01
-6.208174615360053661e-01
-1.031522897264552707e+00
-1.315051551116184658e+00
-3.180739831679846308e-01
1.463820094051022647e-01
-1.295663855762864358e+00
-1.966080187420042313e-01
-8.811494981692851169e-01
8.760850280295762182e-02
-7.319516712426477056e-02
6.841382137861895529e-02
3.716348881474256238e-01
-5.359412865993731234e-01
-1.890241014825175814e-01
-2.342765146496106343e-01
1.040613762165720102e+00
-3.699632692429988268e-01
6.024071951788392276e-01
-3.866734178440528469e-01
-7.709865323908706713e-01
-1.000470632187798081e+00
-1.233268487257666468e+00
-5.885652759179063054e-01
2.965154656781909814e-01
-9.322347206442791467e-01
-1.309170457821533962e+00
-1.009317077103373261e+00
-1.465890567396396893e+00
1.905862730360876167e+00
-3.422183725855858505e-01
-2.537096742798228277e-02
-1.605374619916983825e+00
-1.762595913977749174e-01
5.817079372321538600e-01
-3.439998764537025577e-01
2.232451678668456285e+00
-2.565371841080432702e-01
-9.303231074879150242e-01
-3.111951156772359006e-01
-6.827829833522647274e-02
-2.176949702314604274e+00
-1.000470632187798081e+00
9.682641923763264380e-01
1.702973419390137355e+00
-4.689805150087140717e-01
-6.859654945854787300e-02
2.912103679197499684e-01
-1.618750683413919811e+00
-5.584150434933730089e-01
-1.957584392762620418e+00
-3.746199813338328966e-01
-1.311097934622618810e+00
-5.494756183860971532e-02
6.918844367498606651e-01
-1.000470632187798081e+00
1.110263356441675509e+00
2.182030460727590881e-01
-1.278712820800880223e-01
-1.063161962065941157e+00
-1.000470632187798081e+00
-1.597571865104168154e-01
2.700516371370834667e-01
4.523854011811088149e-01
-1.326534371835401682e-01
-2.069538699078099508e-01
5.389448271354071451e-01
-1.275933439577052297e+00
4.198950238265193313e-01
-8.510849068645420790e-02
8.502581477142570066e-01
-7.030549118951276988e-01
-1.000470632187798081e+00
1.045041682194652655e+00
-9.264186674961034651e-01
-6.578877419774923352e-01
-1.112252217405278909e+00
-9.644110928217137779e-01
2.316465002822952091e+00
1.654275739800862954e+00
-7.893109897521548568e-01
-7.908969476889775585e-01
7.962617425942974947e-01
-7.856839990977729782e-01
2.596195599790851460e-02
1.044402109247050126e+00
7.244655745486183740e-01
1.200192520111980965e+00
-7.043063871029260348e-01
-1.024565791892526612e-01
-1.187073578551128161e+00
6.854581620705610945e-01
-7.752967606987097859e-01
-6.926071350439877428e-03
-2.228335678660894104e+00
-1.897520459178795749e+00
2.368300591574973080e+00
-7.105942546393345660e-01
-1.000470632187798081e+00
-5.845679433096329092e-04
3.559979058728526269e-01
-1.482986221983521258e+00
-3.743084342945218745e-01
1.757821242196255795e-03
5.017542690822840434e-02
-1.947721413566973148e+00
-6.142164499225599705e-01
-1.461189462721808940e+00
-3.942444100402945351e-01
4.474474865460753570e-01
-8.830440920797952842e-01
1.480852669627604090e+00
6.621763884216369522e-01
1.870843648420612571e-01
1.459600589480587463e-01
-7.660942476256153988e-01
2.850172750313304526e-01
-1.000470632187798081e+00
5.096189175653260683e-01
-9.745941608206645235e-01
-1.142107020115525895e+00
3.001250166333431224e-01
-9.215603220410617524e-02
-2.399044359590014608e-01
-8.134023026282446445e-01
5.777778763600438516e-01
-7.960317307872317727e-01
-1.358193651198927654e+00
5.632997940387158842e-01
-5.871516782271604118e-01
-1.023925839468693422e+00
-1.073270667023066949e+00
-4.068855503973722421e+00
-1.224968108252935117e+00
-1.167635973891595125e+00
-1.000470632187798081e+00
-1.680223753988386415e+00
-1.000470632187798081e+00
-8.336005456689932203e-01
-1.294595781490126551e+00
-7.760865069791385018e-01
-2.922894570822687221e-01
-8.254744638558654257e-01
8.685819098600422450e-01
1.076979878165706950e-01
-8.279377243063188452e-01
1.357969273424088019e+00
-9.557767989443375356e-01
3.149232949636648904e-01
1.970571469937536957e+00
-1.049835227251048497e+00
-1.365716000377113826e+00
-6.538143719099553941e-01
3.199026425967421705e-01
-7.728919097046440534e-01
2.815959250069632880e-02
8.302217959005007142e-01
5.584869395792735336e-01
-2.121088638992771447e+00
1.455682883405560624e+00
-1.155170013769377890e+00
-5.665024242234151242e-01
1.058773442548794907e+00
-8.526273758364713018e-01
5.268172583902290818e-01
-5.402635277978635742e-01
1.269162120140610028e-03
-4.360369163272177495e-01
-1.000470632187798081e+00
-6.102531649309379524e-01
-1.554341422856354793e+00
-1.000470632187798081e+00
3.934061335149787730e-01
-2.356293061175003256e-01
1.206259340717915851e+00
-3.984544261562654732e-01
-1.203429061724081706e-02
-1.594071410479679152e+00
-2.195164119533958846e-01
6.138635460644707997e-01
-7.953284283523067710e-01
-1.901300183434043944e+00
-1.185550336054649101e+00
-1.000470632187798081e+00
-1.955507084200900358e-01
-1.474374629364785250e+00
1.531992585766093207e-01
-6.444476722657519474e-01
-5.297963971501611358e-01
-1.315743710749044615e+00
-3.360162130491872734e-01
-9.610357099245525614e-01
7.511025166031979339e-01
-2.011530251301747452e-01
-1.093146997388421582e+00
-7.517077105982639118e-01
-9.127811677515139666e-01
-3.906117601123388905e-01
9.878017766056306215e-01
6.170317766714741303e-01
-7.464122864714917149e-01
-5.451994742005736860e-01
-1.151010284080055124e-01
6.577833922928641996e-01
5.523494585832287029e-01
-2.352830192312953095e+00
-1.899403961168076194e+00
-1.000470632187798081e+00
-9.393103523061427929e-01
9.164206145699749229e-02
7.091335357565782260e-01
-9.987935298556276376e-01
-3.432964316435582752e-01
-1.518530007422111527e+00
4.705623493180028927e-01
-1.212565166030596497e+00
-3.992806624165927687e-01
-3.490024395556042824e-01
4.545891510989745754e-01
-9.102608568219924257e-01
-9.362643300603972207e-01
3.802465608267238117e-01
1.639031396488648262e-01
-1.108612598255781068e+00
5.625887984881403625e-01
-1.828648778126229502e-02
1.204057003451466379e-01
-1.000470632187798081e+00
7.741781931948743534e-02
1.661276695015358573e+00
-1.279486747502358579e+00
2.475629008464223180e+00
-6.804994209322372534e-01
-1.053083539678148828e+00
4.315367266993308526e-01
7.789105432737684076e-01
-1.441069594941291054e+00
-6.709241365547531366e-01
-1.137987498333922876e+00
4.214785008295127700e-01
-1.507059682625147001e+00
4.779583508290801142e-01
1.356634915143521081e+00
7.937353786218719343e-01
-7.077756534964891877e-01
-9.161335843179549965e-01
-3.871129143010672014e-01
-2.104050969018671502e-01
-5.137066815845474643e-01
1.864531567088024477e+00
-2.045969966864871203e-01
3.516087763209632122e-01
4.269703837235314658e-01
8.110170711681057298e-01
1.220520089789958185e-01
1.058048943131796094e+00
-2.895959023634948615e-01
-2.050850694558203458e+00
-2.329072154184335997e+00
-1.361675511573439135e-01
1.088622668736134891e+00
-8.281671837498394417e-02
-1.492701931217229161e+00
-7.976231808746314655e-02
-2.228402163756399545e+00
-1.002715537212794272e+00
-7.861754903695439278e-01
-3.691147599300856896e-01
-2.500721141908888168e-01
2.882255121384442731e-01
-6.496645260350439877e-01
-5.962056338681547274e-01
-1.000470632187798081e+00
8.560638182812343455e-01
-5.391311525256965442e-01
-4.828794570440013700e-01
-1.000470632187798081e+00
1.455644410181319959e+00
-1.000470632187798081e+00
-1.825170260830826230e+00
-1.000470632187798081e+00
-7.289166193759690771e-01
-1.035546897401623756e+00
-8.098124010036464870e-01
1.963613556844301389e+00
-5.870054705564027309e-01
-9.113246099442087189e-01
7.701521853458599409e-01
-8.639480670212096314e-02
3.950011873798096040e-01
-7.423038348754503746e-01
7.325103438286406643e-02
4.408310507408075285e-02
1.063338482770606053e-01
-8.943163072669286784e-01
5.116223355297577768e-01
-1.313694224188180826e+00
-1.474198124427208434e+00
-4.185278082156487223e-01
-8.872407503841190923e-01
-8.233146273300837592e-01
-2.474672504209122437e+00
-9.598315425554226898e-01
-8.729738104834505741e-01
-1.149619013359634012e+00
-3.264063083806378884e-02
-3.092438860656545607e-01
-7.866763678738757370e-01
-2.765726577472906733e-01
-8.287304542920139738e-01
-5.252613531452436924e-01
1.867311425444140305e-01
1.244115598561271518e+00
-1.262206462941706242e-01
-2.440621701917278230e-02
-8.765609866649037851e-01
-1.606524155534891030e+00
-2.657571791510506820e-01
-2.059013490938955915e+00
-1.000470632187798081e+00
-2.077817670312593901e+00
-1.024330396792778153e+00
1.750723754813994226e-01
-1.000470632187798081e+00
-2.009782685977250072e+00
-6.663337551458784480e-01
-9.933654472057283913e-01
-1.804814813308095456e-01
1.182451216732715249e+00
-8.805401172323937820e-01
-5.021023566220623735e-01
-1.923799674132287585e+00
-7.745906605906747178e-01
-7.115372359765455013e-01
1.895026651895701519e-01
4.984470887969314479e-01
7.326406798090889794e-02
8.561527972701954425e-02
6.919940978937320075e-01
-1.237095760605626538e+00
3.465389808715672704e+00
-1.295796582807066333e+00
6.987994489005888710e-02
-2.782123817360315776e-01
-7.037551262204999603e-02
-1.000470632187798081e+00
-1.450152657925701360e+00
-2.030403029852360319e+00
-1.001955504123756446e+00
9.361040237560329658e-01
-9.306044077161876871e-01
7.724174480683383415e-01
-1.034311821941620080e+00
3.436338860027055020e-02
-7.560612351312037127e-01
-2.281489419887295256e+00
-1.262154667733216939e+00
-1.576286197413433232e+00
9.131815782842078733e-01
-1.000470632187798081e+00
-1.253497467961696810e+00
-6.084694722659031996e-01
8.010685071192367168e-01
-4.423884150538777149e-01
6.704350963326666246e-01
-8.591322481507663866e-01
5.811221544031397457e-01
2.574245851858110168e-01
-2.353599634570032517e+00
-1.000470632187798081e+00
1.002518040342439409e+00
1.021719387606665252e+00
3.539662002455243872e-01
1.690196023944963155e+00
1.140465869158725720e+00
-1.000470632187798081e+00
-1.022265578570383138e+00
-5.862882809659017980e-01
-3.791369911441189178e-01
1.811580699048557896e+00
-1.000470632187798081e+00
-7.515971191074952706e-01
9.906044095405159844e-01
-1.717063366726760520e+00
1.001944172970855362e+00
7.578909052124593870e-02
-8.754824627428421380e-01
-1.459930182923299125e+00
3.631065525024750329e-01
-3.692520429512753388e-01
1.638400572861606896e-01
-1.571626517682565449e+00
-4.056820656193955710e-01
-1.300968739470527158e-01
-1.094844645448219245e+00
1.063107288829875818e+00
-5.410368837562227196e-01
-2.111736630089885658e+00
-1.434584954815629754e+00
-5.485637590635383809e-02
-4.688127681121292412e-01
-8.898418089111789220e-01
5.056379054716906296e-01
-1.052432307564639125e-01
-2.965026708593516691e-01
-8.075046803510015359e-01
-2.216327372929063344e-01
-2.511529952733924098e-01
1.289986770445308295e+00
-1.565738072556887239e+00
-4.531631773929967189e-01
-1.520569784133281477e+00
-1.000470632187798081e+00
2.090061791437940908e+00
-9.605609230573985968e-02
-8.764943553090684958e-01
1.383622585226418344e-01
3.398532722042368892e-01
1.304799456326088514e+00
-1.443874894688141008e+00
-1.511135799508612987e+00
-1.000470632187798081e+00
1.981716464632197194e-01
-1.050200332871718656e+00
-3.508962982214027804e-01
-1.000470632187798081e+00
-1.557483896987497118e-01
-1.024382930979894635e-01
-6.957554283221536462e-01
-9.635333451693319784e-01
-2.279651786851374595e+00
-3.745982022515099708e-01
-5.448288974708823673e-01
2.584503220553961977e-01
4.775371357861195598e-01
-7.397774332146018761e-01
-1.875298382487982307e+00
-1.000470632187798081e+00
7.588162898636325870e-01
4.205591541705882008e-01
-2.241458955524210372e-01
-5.761420510779946547e-01
-9.733400046189277788e-02
-1.588580539018641602e+00
1.010622245299082955e+00
-1.034915031008946329e+00
