1.757880477796768259e+00
-3.348067346045049408e-01
2.373555488120835388e-01
1.430279908604681349e-01
-1.000691839678373940e+00
-3.251534395453241633e-01
-1.239157922379397592e+00
-1.479332499055508565e+00
-5.566640476948585547e-01
-1.000691839678373940e+00
-4.516365584384307574e-02
1.674086333574714258e+00
-1.000691839678373940e+00
-7.677133174444101815e-01
3.659093993971189729e-01
-1.259232869939405974e+00
-1.125053885339475146e+00
-6.277623222506243383e-01
-9.216747962210753986e-01
-1.489004870571711381e+00
1.035860898550205134e+00
6.849914447771758841e-01
-1.000691839678373940e+00
-1.323428057693185611e-01
-8.885862179450108034e-01
-4.071333587042922364e-01
-6.914230122796489741e-01
-1.165818817204722579e+00
-1.484993516320323170e-01
1.048026657095781911e-01
4.395252281996213650e-01
-1.899863381019806230e-01
-9.563022275778554349e-01
-1.142966143332294182e+00
-1.288862524150353739e-01
-2.379552830478037784e-02
-7.590308912006868969e-01
-1.492664444982600758e+00
-7.531002460578186675e-01
-1.392488783254669515e+00
-1.000691839678373940e+00
-1.726152011411055343e+00
7.208590388169759944e-01
-1.740209039199732688e+00
-9.210388047230460007e-01
-2.301501909876313867e+00
-2.638268390557307885e-01
-2.738156471796137303e+00
2.033380640973028175e-01
1.565181928465485539e+00
-8.767524569428879477e-01
-1.000691839678373940e+00
-1.154118691807390906e-01
6.643076202147077947e-01
-1.083068405012561630e-01
-8.957776658990532770e-01
-9.964262319614995977e-01
-2.023821917770795231e+00
4.098463830934313545e-01
-1.103378440127485094e+00
3.983113146066237231e-01
-2.641116068740749334e+00
1.807066586329919566e-02
-5.997460042488207410e-01
-5.582455809083832765e-01
-6.117527227366033049e-01
7.291328953915090505e-01
-2.014206252596827618e+00
-1.688368345626677369e+00
-9.122908951948638379e-01
-1.045710714005401387e+00
-1.955979972898866937e-01
6.046219369027461266e-01
3.506813676070599239e-01
-1.700643158255551457e+00
-5.287224080870409626e-01
-7.722365331127527543e-01
-7.618432197888929114e-01
4.268480203965345776e-01
-2.143711493910777754e+00
-4.250097348813632880e-01
-3.851531761081965488e-01
-1.220344845846518256e+00
4.399387415120581402e-02
-1.923885480818646743e+00
-1.000691839678373940e+00
-3.377858215237019568e-01
2.612471408823588526e+00
-1.756369609371610796e-01
7.410726452440108414e-01
-7.630779884727296736e-01
-3.521714549350811740e-01
-5.062975220860785885e-01
-2.890177705097223271e-01
-2.377812738695516792e+00
-1.532744571047877757e+00
-3.520919773563313093e+00
-1.385374060853116207e+00
1.346182097132320177e-01
2.363364191000308701e+00
-1.533747338448946396e+00
-7.961770914406536281e-01
1.400858218246050724e+00
-4.340287467562042867e-01
-1.000691839678373940e+00
2.660025613123415678e-01
-3.132812526390076346e-01
1.874557360939179018e+00
-1.160207072833755904e+00
7.142544273045039471e-01
-1.756671784410868797e+00
2.601705739407074169e+00
7.822644937670086840e-02
-1.386582724572569036e+00
1.930501488120321296e+00
9.317098165049553238e-02
7.369315922085983850e-02
6.061447031313569322e-01
-5.416788728373167494e-02
-1.699310136147082817e+00
-4.570298128923220293e-01
-1.327910852383175966e+00
-1.926309065696990119e+00
-7.779383924676246398e-01
-1.672059008795037771e+00
-1.157370518351462652e+00
-1.239709688329347914e+00
-6.414888603550175095e-01
-2.191942670287551742e+00
-8.562574625536065742e-01
3.527171014055945797e+00
2.301185467648658722e+00
1.234515110295582030e-01
-1.852227702396835873e-02
-1.126846762129111612e+00
-3.417033142008201185e-01
9.806290603268830175e-02
-7.492053402512717231e-01
-9.227375999998976841e-01
7.697150549297127053e-01
-1.577456069554535434e+00
-2.487334520600434917e-01
1.107600049834993383e+00
-6.037557028877877929e-01
5.962810969945813167e-01
-1.546764263802138162e+00
6.690444331071574435e-01
-1.235453132162084744e+00
-1.599801061140659231e+00
-9.009758382100507834e-01
3.086663973316852161e-01
-7.009120961558601426e-01
-1.585334507030473405e+00
9.880338286118124369e-01
-8.085555692510191239e-01
-1.000691839678373940e+00
5.479166970160143091e-01
-1.364506704363102063e-01
-3.754121923446611664e-01
-6.716806346557224749e-02
-1.917297827422792311e+00
-2.719287212441152679e-01
1.549643398305000641e-01
-1.501773397077605710e+00
-1.480443156433714380e+00
-7.162542606126784950e-01
-6.850720572304205280e-01
1.888288833221033469e+00
-9.172764178482488706e-01
-2.110401638966258098e+00
-3.275008945078135003e-01
-9.368185514741960151e-01
-9.027316612538733853e-01
6.517447800094593457e-01
-1.097279039405697931e+00
-3.375626158001445720e-01
-6.210723007040848120e-01
-1.104399930240368422e+00
1.753148171763861951e+00
4.072698568918091677e-01
1.579120692157211847e+00
6.006319015736998335e-01
-1.308732048788662228e+00
-1.012817847969720519e+00
-1.154439323857267441e+00
-4.916840495499805730e-01
-3.432432689018221073e-01
-6.658056718382632244e-01
2.489231643135931371e+00
-1.193856993545799883e+00
-1.720656293797836911e+00
-6.957339115319307599e-01
8.317865098070391650e-01
2.840047110712127232e-01
3.366116290985068371e-01
-1.675082112911219001e+00
-1.000691839678373940e+00
-6.249347544127978882e-01
-1.708331567584898680e+00
-1.003035145457032984e+00
1.072263803927675507e-01
-6.759626873296931127e-01
-2.263009705962381268e+00
-8.802934980095564743e-01
-1.527153839964604076e+00
-4.946107532224819359e-02
-1.498318805389536879e+00
-1.441911337144957672e+00
1.592387302448308173e-01
-8.914826381974869651e-01
-4.310780858653722181e-01
-6.097270701561250394e-01
-1.131718803953020158e+00
-1.244729992971911559e+00
4.270577074684573926e-01
-1.237734414992238685e+00
-9.970966261731810665e-01
-1.475528862823274112e+00
-8.556808092812879796e-01
-9.310847422592094524e-02
7.116493378040693596e-01
-6.148436631304072808e-01
-1.121930092963956627e+00
-2.716249955540555039e-01
8.213970982449647629e-02
3.861597511937098215e-01
4.895311227018133149e-01
-5.487452721741441497e-01
-8.945479591365235184e-01
-1.010020159483494995e+00
1.701861505763779814e-01
-1.290638286005744151e+00
1.409414722543622656e-01
-9.752967910524994455e-01
-6.509149134823168925e-01
1.298581895429928856e-02
-2.793365153799449718e-01
-1.000691839678373940e+00
-4.724901442033833110e-01
-1.000691839678373940e+00
2.796514810093888581e-01
8.064328575011152633e-01
-5.582535445362488691e-01
-1.000691839678373940e+00
-1.755977947876410372e-01
-6.971802124507253673e-02
9.555135413607522832e-01
-1.402346681292876429e-01
-1.030116406201549539e+00
-5.310514291460812775e-01
-1.490178467720320032e-01
-4.145315443336763384e-01
-1.616897666468084527e-01
-2.714697338790366121e-01
-1.049808814801827639e+00
-2.488844693627350058e-01
-6.967729218307490147e-01
6.979104391265529284e-01
-4.716433474101855428e-01
-2.497894111426425034e+00
5.322028546111634562e-02
1.716542788694475075e-01
1.187701378222123294e+00
3.417182619778921016e+00
-1.630285675419919089e+00
-1.324848350054359303e+00
-5.538235695462738750e-01
-4.156739716724964229e-01
-1.286782999797949190e+00
-2.517217207274946578e-01
8.470971189644067589e-01
-4.508970672075272024e-01
1.900276907352427269e-01
-9.489084294943588294e-01
-1.409950838779159499e+00
-1.117017313672099776e+00
-6.905105794643582318e-01
-9.142865847227625853e-01
-6.640994832323123820e-01
-9.727255381272847945e-01
-5.643369096492769632e-01
2.214807445880562220e-02
3.520414121073052183e-01
-9.038549889200127030e-01
-1.941394569047069085e+00
-1.551081707619977879e+00
-1.000691839678373940e+00
-2.278156927726917580e+00
2.794902890399633133e-01
-1.521988941194837297e+00
-1.176740476169818139e+00
-1.183559684994448746e+00
6.036176184223982499e-01
-1.189800467635755199e+00
6.169990594295127195e-03
-3.218032616935281531e+00
-4.347739617197341477e-01
-4.346848246539061211e-01
-4.265585373817153414e-01
1.790914459694484817e+00
6.423055642596220416e-02
-1.388670281567562670e+00
-2.618744987006116354e+00
-9.437725494751909583e-01
-8.383378537120258489e-01
-6.573023742596675323e-01
-3.822962714057986933e-01
-7.993006470433166033e-01
-1.146083799827884109e+00
1.130554691234131992e+00
-3.039103208054918515e-01
-9.193414384435734110e-01
-1.163300032752452084e+00
4.637546586162311080e-02
2.887850713202559927e-01
4.363858294163303064e-02
-2.929293427828050245e-01
-1.423624465572678632e+00
1.744067710725311526e+00
-6.624240219302699462e-01
-4.545026402644147812e-01
-1.451026274704283470e-01
-1.000691839678373940e+00
-6.526983511395123561e-01
-8.690028512360108426e-01
8.916479989118708538e-02
-1.128782010061122110e+00
-8.653099088928606353e-01
-1.105151923890552057e+00
-6.490128047600969285e-01
2.051426628067354763e+00
5.441330343301238326e-01
-1.001102797418801815e+00
-2.716944789577147468e+00
5.324779295019943515e-01
-7.447767628316264155e-01
1.024814668286715413e-01
4.605987881065594092e-01
-8.204113892397437713e-01
2.623195153044626249e-01
-2.402275783655263286e-01
-6.268114244007201297e-01
-1.574829302069726156e+00
-1.000691839678373940e+00
1.519316127881702227e+00
-1.824674248659257092e-01
-7.052660342824801365e-01
-4.541774251003041218e-01
-8.106364638217151697e-01
-1.521563730597512931e+00
-1.226902868146639847e-03
3.779025364742742976e-01
2.571045863285028599e-01
-5.791226627014431916e-01
-2.722302992281477874e-01
-2.345772713884521909e-01
-1.000691839678373940e+00
7.427464786567083976e-03
-9.875900303741353969e-01
-1.273804363446422672e+00
-5.270460251332373947e-01
-1.000691839678373940e+00
6.620524988117260090e-01
-3.067130524868837416e-01
9.950529309300655267e-01
-5.381907892913837532e-01
-1.515162407621139851e+00
3.109419977003404778e-01
-5.374704162659107443e-01
7.648990481389936757e-01
-1.257807734415911982e+00
7.521549133067046977e-01
-1.231516911961811234e+00
-1.000691839678373940e+00
6.187150772935943177e-01
-5.273219290217590061e-01
-5.765386077187664160e-01
-1.319483620051151052e+00
2.068535724206690851e+00
9.200731117035807483e-01
-5.793250288187146158e-01
4.645298466895364520e-02
-2.012060346606070471e-01
-2.338788235734476917e-01
-1.356639559407930351e+00
-3.405130978643520212e-01
-2.088155510485591115e+00
7.156633126410631984e-01
3.331465194558014709e+00
-1.049017771588988568e+00
-1.506925479264018763e+00
8.762204900307402067e-01
4.984561007641239438e-01
-1.518372729067514415e+00
-7.048250000314901786e-01
-7.995183834622610064e-03
-8.011062108744870791e-02
3.267744305983350195e+00
9.867963122845615498e-01
-1.000691839678373940e+00
1.632529042905013439e+00
3.110814747767123301e+00
-2.343200854191073823e+00
-8.049581882079686057e-01
-9.381743981371137853e-01
1.799243293011378864e-01
-4.165928048683291696e-01
-1.664207822933526204e+00
-1.581905822741730860e+00
-8.414832272104810773e-01
7.856657111297600249e-01
-4.036611318200435949e-01
4.573445116913554820e+00
-2.805574470427878442e-01
3.710095351477995518e-01
1.034924913739494468e-01
-1.084247234653943126e+00
-3.961858081870481829e-01
-1.000691839678373940e+00
5.042253167055228413e-01
-1.137418945273544368e+00
-7.829085707134233463e-01
-5.755710933043964861e-01
4.438900293558922794e-01
-7.114149634174602443e-01
-1.955015815432793902e+00
2.825312282686744947e-01
-2.542585796014342314e+00
-2.309356273270430471e+00
1.035037531935451893e+00
-5.920301433966621563e-01
-5.682611941426849445e-01
-1.685632449057876459e+00
-7.660372590030057882e-01
-4.321625382659626258e-01
-2.049329141608700944e+00
-1.000691839678373940e+00
-1.375711550355738000e+00
-1.000691839678373940e+00
-8.598910685377554319e-01
-1.269453237356180653e+00
-1.464500020789549994e+00
-6.466029823297312351e-01
-5.231392661128702049e-01
-2.427163025738814373e-01
-4.252366467944661554e-01
-7.311289337483153350e-01
1.130888216834883719e+00
-5.958149535805923325e-01
1.883836291178291544e+00
1.565573511599105627e+00
-4.252867031738027936e-01
-8.187252016563129065e-01
-3.786524803071451561e-01
2.393765126682303457e-01
-5.568936297418283221e-01
-6.568484693412621755e-01
8.067643415924272698e-01
-3.608227524173692746e-01
-9.099486596441643815e-01
-8.464702295653059316e-02
-5.881410715644428411e-01
-9.554801746678613927e-01
-8.551074141983194821e-03
-1.066933098774320188e+00
1.814216375147956750e-01
-8.172632879668317862e-02
-1.184610685131766150e-01
-1.677644320567501568e+00
-1.000691839678373940e+00
-7.466209739059117556e-01
-1.119989322049995240e+00
-1.000691839678373940e+00
-1.307109085115377711e+00
-1.245648332704752947e+00
-6.147356473070211269e-01
-1.074830712693333412e+00
-1.883995394352829367e+00
-1.866361944883741630e+00
-7.922781771941267426e-01
3.239935960730881970e-01
-7.027791249033932264e-01
-2.193818677727029431e+00
-1.276098469520930978e+00
-1.000691839678373940e+00
-6.959134770958219640e-02
-1.010404755230602136e+00
-1.730730102628605938e-01
8.609957423616587668e-02
-1.552907699484072923e+00
-3.071996492208406426e-01
6.159050299690356223e-01
-1.191935864390649913e+00
-1.660365646070935286e+00
1.647101157009920325e-01
-1.013838450311808304e+00
3.257965298932468112e-01
-1.323884165284261671e+00
-3.668409369338896386e-01
-8.745436889150615123e-02
-2.112140087559091217e-01
-3.217413923625749295e-01
-1.635848136913544026e+00
4.054556233186880299e+00
-1.000390458051250153e-01
-5.426228996779010050e-01
-1.665259971365485869e+00
-2.368809513618450602e+00
-1.000691839678373940e+00
-1.055375444245491012e+00
1.767911140462651742e+00
9.198327547459750342e-02
-5.069825224786577156e-01
-1.933844913603828264e-01
-1.369097005012796631e+00
-2.396549059417130145e-02
-2.128537743766080403e+00
1.460888280360955305e+00
-9.256695343381615704e-01
1.963061748013295027e-01
-3.168578023848389158e+00
-1.719556573591609849e+00
8.674530697042690530e-01
3.682175674440990587e-01
9.005380617285332345e-01
-1.701023937320079726e+00
-7.839490260151003032e-01
9.624730899019560137e-01
-1.000691839678373940e+00
2.023907288568487228e-01
1.610757321269127074e+00
-8.875090163605598992e-01
2.870259874909245390e+00
1.481827729256857351e+00
-4.793519522345299766e-01
1.855207625984511832e-01
2.092642464861220741e-01
-1.181489238742009507e+00
2.451045765778665508e-01
8.232003532490430597e-01
5.716328832558097428e-01
9.918118229088086490e-01
1.049127671692595909e+00
1.928374560630012224e+00
1.585639839496231884e+00
-5.836618794726782244e-01
-4.128717627158740022e-02
-1.108219503103163861e+00
-1.042453209075197451e+00
-1.437227844301268265e+00
9.545684496268627139e-01
1.258161309119210314e+00
6.552031511421680943e-01
6.559341914189296130e-01
6.890624676153533912e-03
-1.630929693513600842e-01
-2.615534202010032505e-01
-3.731626408559727270e-01
-1.995718241029158735e+00
-4.959011840061215981e-01
-6.451979891107477716e-01
1.051553315854882653e+00
-1.045119266729621632e-01
-1.293808047204726863e+00
7.663275302848624460e-01
-2.011352091922680607e+00
-7.956202160517513722e-01
-1.949289620898446929e+00
7.112881949806459936e-02
4.753801870269931396e-01
-2.452813940383358204e-01
-1.312960418859254519e+00
1.072711215741797286e-01
-1.000691839678373940e+00
-1.902572270638593910e-01
-1.422860263734939013e+00
-1.982353800641696084e+00
-1.000691839678373940e+00
2.192930747942873904e-01
-1.000691839678373940e+00
-5.800722009625112197e-01
-1.000691839678373940e+00
-2.168906123062135372e+00
-2.047900056553962678e+00
-1.364333867908633424e+00
1.257306255027238917e+00
4.409321781325636902e-01
-6.671672394245071747e-01
2.284542046950329031e+00
1.928377736429532474e+00
1.248302347656939260e+00
-9.363044224009009486e-01
-9.855286305405208669e-01
1.573958248776967661e-01
-5.030945445301810981e-01
-1.147289343973821873e+00
1.988035177105083262e+00
-1.398292956142206167e+00
-1.059826923565189150e+00
3.331710378251595550e-02
-3.475923876813447055e-01
-2.573406375201365837e-01
-1.585617833356173678e+00
-1.529164539216103735e+00
-8.730726942976538840e-01
-1.238911075038294785e+00
9.144710991801836553e-01
1.993648714098136265e+00
-1.244642493887460732e+00
-2.663534654531851675e-01
-2.735344979082221517e-01
-6.144116189499648772e-01
5.120781517077055423e-01
4.411801331301812290e-02
-3.506403774686805974e-04
2.381162068733793102e-01
-8.553739157891222522e-01
-2.199390798494660793e+00
-1.823487940098039717e+00
-2.140695974250028222e+00
-1.000691839678373940e+00
-9.137912407409978233e-01
-1.727035773320259482e+00
3.125419396025754804e-01
-1.000691839678373940e+00
-6.435694979147605910e-01
-7.383528373654961729e-01
-9.989741803808744880e-01
-1.367310849428270858e+00
-3.310689424225892186e-01
-1.205913189929282980e+00
-3.578300135536770732e+00
-1.904075478270207400e+00
-1.077429356479460809e+00
-5.310164071254626084e-01
-4.438650197578291046e-01
-8.089950796088836160e-01
-9.821485158559888351e-01
-7.103684334512216925e-01
-5.832285588615413463e-01
-2.263753776175925214e-01
3.148866139491866001e+00
-1.254702017885507503e+00
-4.832936131467200358e-01
-4.036995242824084063e-01
-3.220490238262734284e-01
-1.000691839678373940e+00
-5.121750905350375138e-01
-1.383183041387929579e+00
-1.182503987770636700e+00
2.818177082095197683e+00
-9.085398302360332412e-01
1.197293243441996946e-01
-3.678723057714201605e-01
-9.283663671904271997e-01
-1.091084489269454894e+00
-1.891582922289280377e+00
6.240196475487571615e-01
-1.648977594609142061e+00
1.565191503626089498e+00
-1.000691839678373940e+00
-9.731102873824877264e-01
-5.411424591304332399e-01
5.311389668897659178e-03
2.099692207616620898e+00
5.232523301111988712e-01
-1.937857618168869367e+00
-1.737964079421821184e+00
-6.620965147807773565e-01
-1.102429914549922119e+00
-1.000691839678373940e+00
-3.959094450234197371e-01
-5.168188490323111228e-01
-1.227198439039718370e-01
-8.643640225519171327e-01
-1.124043888227638677e+00
-1.000691839678373940e+00
-1.250179308352158403e+00
-1.141173868496159871e+00
-7.168924138931551671e-01
2.534565541499895325e+00
-1.000691839678373940e+00
-1.190242580384761384e+00
6.656866562034415846e-01
-5.298679576618114950e-03
2.552783035655843413e+00
-1.045523433806671010e+00
2.323284105858143711e+00
-1.524211385377021388e+00
1.435660705315975560e+00
2.634837041018520676e-01
2.453407738455346543e-01
-6.615829317457049275e-01
-9.745343104368295872e-01
-1.004267705127978916e+00
-1.259335101711364091e+00
-4.829264760352238728e-01
-7.090132730268046135e-01
-1.961787328170010669e+00
-3.242847201973453330e+00
-1.550480160050674572e+00
-9.010319613501487357e-01
-7.244817474341964658e-01
2.468443015382966177e-01
-3.153905241984127361e-01
-9.915289244860254758e-01
-1.317754773977774407e+00
-4.568572654744891270e-01
4.289048124698602305e-01
3.954963951275949352e-01
-1.500158580871235658e+00
-1.220322941809221406e+00
-2.985088654278704290e+00
-1.000691839678373940e+00
1.058138269871811143e-01
-5.855724478909174469e-01
-1.077616148553001141e+00
-6.909811369578620077e-01
-5.643261171349955863e-01
-3.214069741623213350e-01
-9.522912705902009112e-01
-1.405663009933440621e+00
-1.000691839678373940e+00
-6.708999592741726747e-01
-1.190903407970856920e+00
-2.018627001186295011e+00
-1.000691839678373940e+00
1.085651674551350920e+00
-9.414772881799884363e-01
-1.293478779944272405e+00
-1.600128169659775113e+00
-5.527726479313834762e-01
-2.080986656239551813e+00
-4.017037923445549996e-01
6.384084306284385502e-01
-5.196432942975868219e-01
-1.706185346938517755e+00
-1.205167831104481779e+00
-1.000691839678373940e+00
6.588861097168396963e-01
2.142677477287047161e-02
-8.485186818104832884e-01
-1.793124241219949955e-01
-8.275333224395560183e-01
-1.305870083058230380e+00
1.908574054668654707e-01
4.448518441465203477e-01
