4700755
4700976
4701517
4701565
4701523
4701693
4701703
4701691
4701558
4701557
4701690
4701700
4701697
4700861
4700764
4701529
4701532
4701559
4701512
4701544
4701538
4701526
4701549
4701560
4701522
4701524
4701015
4701514
4701629
4701628
4701623
4700984
4701551
4700190
4700230
4700240
4700268
4700282
4701585
4700241
4700195
4700191
4700235
4700187
4700231
4700347
4700284
4700349
4700343
4700344
4700163
4700164
4700348
4700345
4700210
4700245
4700342
4700165
4700274
4700177
4700168
4700243
4700172
4700204
4700167
4700207
4700208
4700173
4700179
4700215
4700196
4700346
4700209
4700171
4700174
4700266
4700198
4700218
4700180
4700193
4700170
4700175
4700206
4700238
4700278
4700244
4700197
4700275
4700178
4700237
4700267
4700236
4701584
4700234
4700182
4700273
4700176
4700271
4700162
4700239
4700169
4700217
4700194
4700186
4700200
4700281
4700216
4700185
4700251
4700228
4700203
4700247
4700242
4700205
4700189
4700246
4700269
4700166
4700213
4700184
4700283
4701583
4700280
4700229
4700272
4700188
4700276
4700248
4700192
4701537
4700515
4701518
4701535
4701528
4701562
4701513
4701550
4701563
4701516
4701547
4701520
4701515
4701540
4700982
4701552
4701527
4701569
4701570
4701575
4701574
4701571
4701577
4701572
4701566
4701525
4701539
4701530
4701511
4700599
4700613
4700602
4700285
4700600
4700614
4700615
4700595
4700601
4700597
4700612
4701554
4701580
4701531
4701017
4700294
4701576
4701573
4701536
4701519
4701556
4701553
4701546
4701639
4701541
4701545
4700983
4701555
4701621
4701622
4701624
4701625
4701626
4701568
4701543
4701578
4701508
4700624
4701509
4701534
4701548
4701020
4701018
4701019
4701003
2560169
2734138
2734140
2734142
2476118
2723463
2100020
2559542
2559548
2559560
2559586
2559386
2086471
2559618
2559308
2100056
2476985
2561410
2476116
2560021
2563339
2563341
2561990
2476122
2476108
2476110
2561937
2476120
