7.203066492551122441e-03
1.344347693968844445e-02
1.928181725250313963e-02
2.385643057228550162e-02
2.795602944645340926e-02
3.193346771433855369e-02
3.565921056733797195e-02
3.925948725828149605e-02
4.242005311021124908e-02
4.538388202908124475e-02
4.830047883222514382e-02
5.106274787409536414e-02
5.375912191657231110e-02
5.640772268216762836e-02
5.902756931372914184e-02
6.162636118471380431e-02
6.411315457304238297e-02
6.644746981574119193e-02
6.877344153603093257e-02
7.104681718735648965e-02
7.324401105540122303e-02
7.541345786795675132e-02
7.754771703994456367e-02
7.959983740432759192e-02
8.157332921104809564e-02
8.352265259591983015e-02
8.541603588244597867e-02
8.728376054104466930e-02
8.913761454884425173e-02
9.097316551931108886e-02
9.278788859580248960e-02
9.459429531064748875e-02
9.639201740001732133e-02
9.815781152613550775e-02
9.990711984571265525e-02
1.016480119123148868e-01
1.033679959356419154e-01
1.050676538864115661e-01
1.067622000025582607e-01
1.084409006018997590e-01
1.101067921912038949e-01
1.117488615238555472e-01
1.133767694281417049e-01
1.149852150885832536e-01
1.165897500998954311e-01
1.181864469471093082e-01
1.197582390301615701e-01
1.213216528718411569e-01
1.228773502906718856e-01
1.244264115730511627e-01
1.259688448779076320e-01
1.274948827313704958e-01
1.290177503619159005e-01
1.305330168143942760e-01
1.320401088521950261e-01
1.335381405072553485e-01
1.350319813575752426e-01
1.365031104467564760e-01
1.379687395677672845e-01
1.394295262052830386e-01
1.408500762700916897e-01
1.422644567908769031e-01
1.436700329780775109e-01
1.450696122737873961e-01
1.464538033514778681e-01
1.478367513727767424e-01
1.492071369719951413e-01
1.505731883105612401e-01
1.519308276349025655e-01
1.532848268796496716e-01
1.546331765664160085e-01
1.559709990664931711e-01
1.573051922239984135e-01
1.586290877657897114e-01
1.599496756249328688e-01
1.612585354035065144e-01
1.625657517281502151e-01
1.638614880028635701e-01
1.651540379873473186e-01
1.664434461332424120e-01
1.677243537882080748e-01
1.689975535740399215e-01
1.702695893457274456e-01
1.715334587109459408e-01
1.727913743182049044e-01
1.740438655344596075e-01
1.752949277269068018e-01
1.765438286397011391e-01
1.777831389794759243e-01
1.790168844150305527e-01
1.802466388722841484e-01
1.814733868909751413e-01
1.826944334417135440e-01
1.839094407696240108e-01
1.851229482289828698e-01
1.863340812903300225e-01
1.875375638139163692e-01
1.887387804824399995e-01
1.899374010523540712e-01
1.911317227549927389e-01
1.923216958141691080e-01
1.935064645833566854e-01
1.946897520123447023e-01
1.958689100103334080e-01
1.970456306136618985e-01
1.982164332831616582e-01
1.993838100374246414e-01
2.005446131740179216e-01
2.017038148378737239e-01
2.028588489086931568e-01
2.040116497092902270e-01
2.051603843620853906e-01
2.063069034557477865e-01
2.074501470903505895e-01
2.085903502349979732e-01
2.097302485009192863e-01
2.108637708568499580e-01
2.119956052340594699e-01
2.131246277802213984e-01
2.142517007252957018e-01
2.153726538042378957e-01
2.164897086681434601e-01
2.176044275867364541e-01
2.187132476196369524e-01
2.198176450774824986e-01
2.209174208333059275e-01
2.220170216569712363e-01
2.231075193495997977e-01
2.241962897738684346e-01
2.252813436517521195e-01
2.263654464605059091e-01
2.274424106354324959e-01
2.285175011475916174e-01
2.295909830904418469e-01
2.306616847022773531e-01
2.317314078126285204e-01
2.327947619842472282e-01
2.338531609711363979e-01
2.349087179934498393e-01
2.359624288938507730e-01
2.370129901739148892e-01
2.380595015837833894e-01
2.391017102684589168e-01
2.401410967429941645e-01
2.411789176462209860e-01
2.422123873825960672e-01
2.432412151312403903e-01
2.442689020623592389e-01
2.452962631739745991e-01
2.463210344712166433e-01
2.473414158361492976e-01
2.483573449397568356e-01
2.493697817864967137e-01
2.503799139703827281e-01
2.513859401071154576e-01
2.523896252239745674e-01
2.533893439755501853e-01
2.543835349160714077e-01
2.553719737378835064e-01
2.563590092271317844e-01
2.573426617289717444e-01
2.583229156231854895e-01
2.593015560241622719e-01
2.602756887127437579e-01
2.612496068048739128e-01
2.622186600057387906e-01
2.631849496861627946e-01
2.641499640807293825e-01
2.651099445460207704e-01
2.660687830404238063e-01
2.670255035208739525e-01
2.679803268986177822e-01
2.689332940498889712e-01
2.698856887000495308e-01
2.708357826225400999e-01
2.717847700288431589e-01
2.727316814900075381e-01
2.736739182937213966e-01
2.746157229848722459e-01
2.755543783357091714e-01
2.764923964687571734e-01
2.774283269195786938e-01
2.783625227773565691e-01
2.792937987674975475e-01
2.802221428056346220e-01
2.811468047484512178e-01
2.820697877973842305e-01
2.829924872807356162e-01
2.839110875347151119e-01
2.848269262223369624e-01
2.857398608618925140e-01
2.866495648208429725e-01
2.875579575539158328e-01
2.884633182052614431e-01
2.893670822532299902e-01
2.902680665660337112e-01
2.911670918379964390e-01
2.920642917816399509e-01
2.929598735711207436e-01
2.938518214579004528e-01
2.947419587687848952e-01
2.956289197726851281e-01
2.965153846708740160e-01
2.973990210676139001e-01
2.982813458489583236e-01
2.991620122441832064e-01
3.000411854306758164e-01
3.009179668032387345e-01
3.017913603444636883e-01
3.026641449105217374e-01
3.035355997095597891e-01
3.044067229424746168e-01
3.052732423426756658e-01
3.061372241280171380e-01
3.069992527227375922e-01
3.078592440509364536e-01
3.087172621213680745e-01
3.095731688056636011e-01
3.104266568509496116e-01
3.112787103402040456e-01
3.121289680967636593e-01
3.129786279825460538e-01
3.138269017397714578e-01
3.146711053602915253e-01
3.155143199981294555e-01
3.163569082637014418e-01
3.171963809346597385e-01
3.180346791657785999e-01
3.188722357348413583e-01
3.197071940373359955e-01
3.205400510931055158e-01
3.213724445186544321e-01
3.222028529387481188e-01
3.230313999050672957e-01
3.238583736114405420e-01
3.246832898743449158e-01
3.255064430008404175e-01
3.263291187555261708e-01
3.271498070539504144e-01
3.279690031678200168e-01
3.287873680954516709e-01
3.296038379640328086e-01
3.304173919768467749e-01
3.312289986645734485e-01
3.320393242755543817e-01
3.328478126522220748e-01
3.336547583845336784e-01
3.344611908092936514e-01
3.352659075251795406e-01
3.360702293169244292e-01
3.368726542935413515e-01
3.376730938927179904e-01
3.384714223234383534e-01
3.392690145123156142e-01
3.400656940988021071e-01
3.408599496676603668e-01
3.416533704847007358e-01
3.424445437424550875e-01
3.432352949960838506e-01
3.440241231533648913e-01
3.448099894282473099e-01
3.455940600428821785e-01
3.463772363272928367e-01
3.471600019555220462e-01
3.479419180876770490e-01
3.487219577468416709e-01
3.494992088149811993e-01
3.502751692767466785e-01
3.510492192105519882e-01
3.518230441501070671e-01
3.525948370570179957e-01
3.533657830349007933e-01
3.541355153113070475e-01
3.549030382674853157e-01
3.556694062131044998e-01
3.564351243295657556e-01
3.572005594669264150e-01
3.579635214661315290e-01
3.587260698984940932e-01
3.594881657814755216e-01
3.602490104315970165e-01
3.610084723489250802e-01
3.617671295938837961e-01
3.625249175134289681e-01
3.632805266752538453e-01
3.640348960005262424e-01
3.647882872760145334e-01
3.655404935433119729e-01
3.662918605525103399e-01
3.670425875466860610e-01
3.677913691792814577e-01
3.685386130967141516e-01
3.692844276659101310e-01
3.700285781994280265e-01
3.707726149679180239e-01
3.715146169895601758e-01
3.722550014415836328e-01
3.729945999400505752e-01
3.737334030976746657e-01
3.744709768141647466e-01
3.752065131264336051e-01
3.759415109483567052e-01
3.766756878723688251e-01
3.774097282966093481e-01
3.781422984674570054e-01
3.788739089345170008e-01
3.796041980954756867e-01
3.803338739260531121e-01
3.810626946348130151e-01
3.817906770437218267e-01
3.825169053117717377e-01
3.832424738504570105e-01
3.839675880524830998e-01
3.846913722507147027e-01
3.854146880049363344e-01
3.861376623738318470e-01
3.868594109619666876e-01
3.875804990998318322e-01
3.882993394102750018e-01
3.890166418844030471e-01
3.897335915425467201e-01
3.904497007208937998e-01
3.911656220492607527e-01
3.918805279951215192e-01
3.925941991087649741e-01
3.933054035803654203e-01
3.940152175340205232e-01
3.947239441096419554e-01
3.954322198595174864e-01
3.961395093961836422e-01
3.968454217589991173e-01
3.975512128382363009e-01
3.982554751917975477e-01
3.989585148135007531e-01
3.996603121041061857e-01
4.003612101534476664e-01
4.010619144298336880e-01
4.017614551034593418e-01
4.024602831498648170e-01
4.031581686406506271e-01
4.038551675306623623e-01
4.045510858258600240e-01
4.052460539679544338e-01
4.059404705281003944e-01
4.066334213609399950e-01
4.073249040216087580e-01
4.080160584111799382e-01
4.087049840293886516e-01
4.093936974395736561e-01
4.100821145174921023e-01
4.107692816739175190e-01
4.114559680853301926e-01
4.121411197805684434e-01
4.128252053175217595e-01
4.135084665437576135e-01
4.141915249193313664e-01
4.148731492338493254e-01
4.155539983742976839e-01
4.162345622705228010e-01
4.169140684864068858e-01
4.175929553736693056e-01
4.182706073181087225e-01
4.189477131799169141e-01
4.196243667582996162e-01
4.202998058828042449e-01
4.209741530306749246e-01
4.216475137873487711e-01
4.223196877624497692e-01
4.229910969973769697e-01
4.236614538464806845e-01
4.243311169811566086e-01
4.249996340128147088e-01
4.256674710375790704e-01
4.263350669438262242e-01
4.270020303311243826e-01
4.276679697433037330e-01
4.283331916766335845e-01
4.289976379936734086e-01
4.296611756486358180e-01
4.303232549145314945e-01
4.309842366401498981e-01
4.316442612236233711e-01
4.323038954517641752e-01
4.329633990946988309e-01
4.336213914981374429e-01
4.342790400116657290e-01
4.349360183077185527e-01
4.355923793074414352e-01
4.362480023614899727e-01
4.369023309190967486e-01
4.375561626351118782e-01
4.382085509125029921e-01
4.388603276030887401e-01
4.395115229758974063e-01
4.401613593121608270e-01
4.408105647258454551e-01
4.414580672598593658e-01
4.421052286671032228e-01
4.427517261385789937e-01
4.433978304021113370e-01
4.440430580606542499e-01
4.446874379443510605e-01
4.453313241737615891e-01
4.459746738241910924e-01
4.466169306257861127e-01
4.472584000287355699e-01
4.478978371477148612e-01
4.485366874357670786e-01
4.491747085521684557e-01
4.498120763241298947e-01
4.504488541507618571e-01
4.510848161080531771e-01
4.517202444642938741e-01
4.523550646495484440e-01
4.529890575500276073e-01
4.536227952432124177e-01
4.542564059711117208e-01
4.548892559105275346e-01
4.555204269857191512e-01
4.561504719922127027e-01
4.567802263638821580e-01
4.574091048805875026e-01
4.580377764045989730e-01
4.586659209416124594e-01
4.592932618384734655e-01
4.599197761844778798e-01
4.605451929519081000e-01
4.611703855084112735e-01
4.617952477130334299e-01
4.624189591992686199e-01
4.630419482458601466e-01
4.636641452558206145e-01
4.642857194830651846e-01
4.649060116441651735e-01
4.655259450387368991e-01
4.661450915556002439e-01
4.667637128004207825e-01
4.673815695628252831e-01
4.679979097770763929e-01
4.686141397061722169e-01
4.692293528852008455e-01
4.698439052955228346e-01
4.704582581136071973e-01
4.710717336289850232e-01
4.716845906929425514e-01
4.722967328303943058e-01
4.729082414361068243e-01
4.735194078054762445e-01
4.741300439581400128e-01
4.747396665867983923e-01
4.753488465129880880e-01
4.759572334256111370e-01
4.765648213198951932e-01
4.771719262334180867e-01
4.777773011244590973e-01
4.783818686723327329e-01
4.789859050144339991e-01
4.795894515088625076e-01
4.801928737789626922e-01
4.807956768834679151e-01
4.813980054282877563e-01
4.819994976335261749e-01
4.826004616905254507e-01
4.832010399959043023e-01
4.838009655527779618e-01
4.844007777252747893e-01
4.849993498353534771e-01
4.855973645842245334e-01
4.861944848288213272e-01
4.867914500315624893e-01
4.873873270531302038e-01
4.879828466955162813e-01
4.885778029915573417e-01
4.891725353228131290e-01
4.897668946319873595e-01
4.903604429475151849e-01
4.909530146309655785e-01
4.915448404329846310e-01
4.921364424675417348e-01
4.927275027233041227e-01
4.933178860815337630e-01
4.939077829280530407e-01
4.944975163972227805e-01
4.950863160994899981e-01
4.956740567298780209e-01
4.962607359416402741e-01
4.968471738682371797e-01
4.974330799572300177e-01
4.980179002608688399e-01
4.986015498648695421e-01
4.991849241937314496e-01
4.997671760949587427e-01
5.003490482559428409e-01
5.009304790249786699e-01
5.015111446346888213e-01
5.020907054343578535e-01
5.026700729655579902e-01
5.032483429773394468e-01
5.038253141259201318e-01
5.044022201793852966e-01
5.049780424174257210e-01
5.055530315730485391e-01
5.061272563860571561e-01
5.067009634389042505e-01
5.072739913347692475e-01
5.078464748502781179e-01
5.084187442017495950e-01
5.089909245152840489e-01
5.095615539535639504e-01
5.101312825235824189e-01
5.107003731454835549e-01
5.112690871470250142e-01
5.118373630207343483e-01
5.124043816609263891e-01
5.129711427321866912e-01
5.135369670367772033e-01
5.141022710509626226e-01
5.146668326363087465e-01
5.152310370572915632e-01
5.157945953412105267e-01
5.163580065719588497e-01
5.169201830338495673e-01
5.174821288762604388e-01
5.180434271910855371e-01
5.186036376005133119e-01
5.191630156159582343e-01
5.197220869940760712e-01
5.202804275422625579e-01
5.208384708277712383e-01
5.213952116041049578e-01
5.219514861944020145e-01
5.225071021796666715e-01
5.230623134639308391e-01
5.236164670081125960e-01
5.241695809509580029e-01
5.247225393392120907e-01
5.252749351379104592e-01
5.258271904847778844e-01
5.263787391597946064e-01
5.269298148262417936e-01
5.274804289155394788e-01
5.280297805714350146e-01
5.285782394866297418e-01
5.291263890525668145e-01
5.296741349151850020e-01
5.302217322500416552e-01
5.307685839101107250e-01
5.313147279391110533e-01
5.318602392363770415e-01
5.324047299577737702e-01
5.329481160892075575e-01
5.334909014267289473e-01
5.340332675094889847e-01
5.345750056871609868e-01
5.351160105877363904e-01
5.356564362007985025e-01
5.361963734609664911e-01
5.367356332207939840e-01
5.372743048513478614e-01
5.378123916982102681e-01
5.383493567948072211e-01
5.388862061805141934e-01
5.394223202248441540e-01
5.399581679965796965e-01
5.404926761921413636e-01
5.410267918546031174e-01
5.415600387069907651e-01
5.420930251162173752e-01
5.426254338805301947e-01
5.431564303764632173e-01
5.436867925666597490e-01
5.442167708110398072e-01
5.447462373954045090e-01
5.452753556953585656e-01
5.458036218117386928e-01
5.463312087328914268e-01
5.468580278903777403e-01
5.473846302693865518e-01
5.479103686790649519e-01
5.484354857228077584e-01
5.489598793741695681e-01
5.494834648983685232e-01
5.500063562838521936e-01
5.505289707384264375e-01
5.510511075573129025e-01
5.515729978329892980e-01
5.520943758288349157e-01
5.526153587782488552e-01
5.531354512760942033e-01
5.536544193783321521e-01
5.541729787866733759e-01
5.546915113317166801e-01
5.552083253430278864e-01
5.557245520033600172e-01
5.562403612498009187e-01
5.567550756797886580e-01
5.572693801785616463e-01
5.577835845442828955e-01
5.582975405848635830e-01
5.588100979184276174e-01
5.593224229151085858e-01
5.598345456232421968e-01
5.603461871828364638e-01
5.608571669445762131e-01
5.613671287969376200e-01
5.618766148490444978e-01
5.623855164481835756e-01
5.628937367727613328e-01
5.634015746099690913e-01
5.639091056978466909e-01
5.644159370246402130e-01
5.649221529824689503e-01
5.654278604229137084e-01
5.659332204757948626e-01
5.664375718886427435e-01
5.669415194887497123e-01
5.674452513295721312e-01
5.679484980636423375e-01
5.684507549169557361e-01
5.689529754129404315e-01
5.694545895089648813e-01
5.699557846351230861e-01
5.704559498407979490e-01
5.709554806414672834e-01
5.714548036883667637e-01
5.719537789971467223e-01
5.724522027560362547e-01
5.729501102084577635e-01
5.734472377654288300e-01
5.739442706789612547e-01
5.744407311007142525e-01
5.749360111032629783e-01
5.754305187742599914e-01
5.759249220969063776e-01
5.764186530213788462e-01
5.769122295380563203e-01
5.774054484342960869e-01
5.778979727926559784e-01
5.783892254740429228e-01
5.788799935377314521e-01
5.793705954882153453e-01
5.798605439873250056e-01
5.803501091737800488e-01
5.808388986068756532e-01
5.813272736757033599e-01
5.818153941101310567e-01
5.823030002658842186e-01
5.827899520694823643e-01
5.832760660790377027e-01
5.837617876958017815e-01
5.842474437232485496e-01
5.847328327827302497e-01
5.852176570018864377e-01
5.857022753800508186e-01
5.861863515646107414e-01
5.866696038617291720e-01
5.871525160734625270e-01
5.876344839595005753e-01
5.881159337878950621e-01
5.885968489650748037e-01
5.890774863079866197e-01
5.895574973819850406e-01
5.900366643890381235e-01
5.905153194841343822e-01
5.909933982462818314e-01
5.914710102576113959e-01
5.919481487848438084e-01
5.924247584133514044e-01
5.929004856237347632e-01
5.933756063506293588e-01
5.938503317148434713e-01
5.943249532281769110e-01
5.947991236366768630e-01
5.952729497221559418e-01
5.957455596226343131e-01
5.962176467321201878e-01
5.966893566506162871e-01
5.971600852033327467e-01
5.976304034729974513e-01
5.981002108259201311e-01
5.985697404895327089e-01
5.990390029083545453e-01
5.995076056759288674e-01
5.999758431499705447e-01
6.004433603764072203e-01
6.009107189400955118e-01
6.013774402617476644e-01
6.018438948834478053e-01
6.023099580938026110e-01
6.027754391604527306e-01
6.032403180592337266e-01
6.037045012584371095e-01
6.041684726192863009e-01
6.046319415563305988e-01
6.050952768434383344e-01
6.055585055211019085e-01
6.060210942991897110e-01
6.064831214151791272e-01
6.069449242845993409e-01
6.074061317139118898e-01
6.078669661217012132e-01
6.083271225881954347e-01
6.087864176202252287e-01
6.092454920609543523e-01
6.097041738839475977e-01
6.101626471657360939e-01
6.106204555438349280e-01
6.110775071330688535e-01
6.115342417959491739e-01
6.119907415670947648e-01
6.124464874795717551e-01
6.129019469304114454e-01
6.133571132000461557e-01
6.138120323958394797e-01
6.142658960232952881e-01
6.147195200230294310e-01
6.151728603026768161e-01
6.156261125064047546e-01
6.160790543841702105e-01
6.165317270971539809e-01
6.169839791672944163e-01
6.174355314450743482e-01
6.178868288615048110e-01
6.183376629778107869e-01
6.187875571752335935e-01
6.192372882183144744e-01
6.196866092235038259e-01
6.201355380977475740e-01
6.205838024282287479e-01
6.210317388174140252e-01
6.214792223130660709e-01
6.219261114368076493e-01
6.223729557808330703e-01
6.228191906909396058e-01
6.232650724084605187e-01
6.237101757113868716e-01
6.241550139922048546e-01
6.245996483016158507e-01
6.250442482365622388e-01
6.254882623150908039e-01
6.259319902976775429e-01
6.263750839490168643e-01
6.268174875623484521e-01
6.272596972958068839e-01
6.277018994121230655e-01
6.281438662642913062e-01
6.285850097036119744e-01
6.290257806383900974e-01
6.294658081097330715e-01
6.299056182091151701e-01
6.303450118849461825e-01
6.307841885603044929e-01
6.312227631206239753e-01
6.316609819506997514e-01
6.320987679118329483e-01
6.325362871471833515e-01
6.329730293485833492e-01
6.334091146148491669e-01
6.338451313020303513e-01
6.342801622238385395e-01
6.347147755885832465e-01
6.351492955084943048e-01
6.355833759123652449e-01
6.360169824835133490e-01
6.364503647591717161e-01
6.368831746268025507e-01
6.373155207258477395e-01
6.377473147729978420e-01
6.381788599972068043e-01
6.386101683728864220e-01
6.390410678175985071e-01
6.394717457857321818e-01
6.399018664476573415e-01
6.403314605244911917e-01
6.407609625880953397e-01
6.411895021275516582e-01
6.416179076310739582e-01
6.420459809295511189e-01
6.424737340766303317e-01
6.429008766314963097e-01
6.433277075428857072e-01
6.437541338006721459e-01
6.441798056456898847e-01
6.446052101797917766e-01
6.450303473935453669e-01
6.454553047272207911e-01
6.458794528038258598e-01
6.463034190787478872e-01
6.467266064396421932e-01
6.471496726302525815e-01
6.475719039993494963e-01
6.479929196046900763e-01
6.484138186045664831e-01
6.488344590582110216e-01
6.492548040596238801e-01
6.496747044131280235e-01
6.500942058310493765e-01
6.505130761471751288e-01
6.509318888400668079e-01
6.513504476188113346e-01
6.517687611143917481e-01
6.521861842276099885e-01
6.526030169955086002e-01
6.530196850279343934e-01
6.534360812634657512e-01
6.538520004899304183e-01
6.542676096264607999e-01
6.546826399126270957e-01
6.550975429694496643e-01
6.555117649024513327e-01
6.559257232653494807e-01
6.563394666494174468e-01
6.567524878549059197e-01
6.571653595250518398e-01
6.575777141376220047e-01
6.579895551875397652e-01
6.584013303468859712e-01
6.588127948419966184e-01
6.592237620242101803e-01
6.596340860060975197e-01
6.600438047895952343e-01
6.604532695754963267e-01
6.608623161390630996e-01
6.612706545730673291e-01
6.616787447703066372e-01
6.620860465289500896e-01
6.624932065513502444e-01
6.629001231959954499e-01
6.633066254351779323e-01
6.637129336736025120e-01
6.641189576042439979e-01
6.645241836868281959e-01
6.649291976034737983e-01
6.653340450999832845e-01
6.657382720630942163e-01
6.661421314272115701e-01
6.665458636174699247e-01
6.669490243609664804e-01
6.673519356674935121e-01
6.677545317594446583e-01
6.681562003747157918e-01
6.685572263725251263e-01
6.689580877457071972e-01
6.693585911096047170e-01
6.697582112674134169e-01
6.701575575967545495e-01
6.705565695540306459e-01
6.709552178494943009e-01
6.713532806916511220e-01
6.717510865512378304e-01
6.721484292380022207e-01
6.725455330447532853e-01
6.729424169786608623e-01
6.733387265059838089e-01
6.737345097555326179e-01
6.741297888393316118e-01
6.745249882041555178e-01
6.749195300125190311e-01
6.753137514570558553e-01
6.757078428793363845e-01
6.761013381127429778e-01
6.764942610090373121e-01
6.768869301853664977e-01
6.772794434409933340e-01
6.776714927818889844e-01
6.780628946033450122e-01
6.784542160762233598e-01
6.788453365728162048e-01
6.792361817153388381e-01
6.796265258643028329e-01
6.800162932302373786e-01
6.804058444902685299e-01
6.807952011230065104e-01
6.811840841486660469e-01
6.815726689091975432e-01
6.819608762905927657e-01
6.823487592925814305e-01
6.827356399718178537e-01
6.831221502277547986e-01
6.835085407690280057e-01
6.838941186979854425e-01
6.842796127624947156e-01
6.846646438640657806e-01
6.850489635819427825e-01
6.854331827355232276e-01
6.858168692125928834e-01
6.862002009300326444e-01
6.865833471849136505e-01
6.869660679268146941e-01
6.873479041739057882e-01
6.877292632246995163e-01
6.881100919292458817e-01
6.884906731058095808e-01
6.888706346386038737e-01
6.892502950407213280e-01
6.896296222477242832e-01
6.900087451774946645e-01
6.903878008733542737e-01
6.907665559738428440e-01
6.911452182054390603e-01
6.915230385079523812e-01
6.919007855186182221e-01
6.922783800698908419e-01
6.926554437651654128e-01
6.930319128604992551e-01
6.934079579247030001e-01
6.937836463116132668e-01
6.941585702399959423e-01
6.945331657145853432e-01
6.949070787382202186e-01
6.952808890831407851e-01
6.956544622853776394e-01
6.960278518784586144e-01
6.964009241072641743e-01
6.967737296191759411e-01
6.971462432372212970e-01
6.975181011078169790e-01
6.978897205451438657e-01
6.982610123329116014e-01
6.986318874790258260e-01
6.990024546023139163e-01
6.993721683998117555e-01
6.997416034724112111e-01
7.001107689425575265e-01
7.004796522656974167e-01
7.008484671683717915e-01
7.012167469310515155e-01
7.015844247782215826e-01
7.019518347102192690e-01
7.023190100069957031e-01
7.026856731603551287e-01
7.030520883816281374e-01
7.034180302867037993e-01
7.037837949264652559e-01
7.041493400936981173e-01
7.045145442552763759e-01
7.048791792742364892e-01
7.052436661170046195e-01
7.056076864671237958e-01
7.059716563345833640e-01
7.063347920042988282e-01
7.066977129473182018e-01
7.070605414953898826e-01
7.074228948340931522e-01
7.077850779905618950e-01
7.081465989459084787e-01
7.085079406779311029e-01
7.088688445616320166e-01
7.092295774749785009e-01
7.095900620295976235e-01
7.099502629030952638e-01
7.103100203250380940e-01
7.106694100201951247e-01
7.110285191011207484e-01
7.113869874270327687e-01
7.117452250208078368e-01
7.121032500151640576e-01
7.124609469916127757e-01
7.128183092446248592e-01
7.131755062773997844e-01
7.135323710404034570e-01
7.138889094136892099e-01
7.142451630569017773e-01
7.146013678782999756e-01
7.149569823300457871e-01
7.153118603059815950e-01
7.156666260551217684e-01
7.160210264668478430e-01
7.163751237906843539e-01
7.167290873164082754e-01
7.170824028445380582e-01
7.174352305261805229e-01
7.177875631139591928e-01
7.181395692332709357e-01
7.184913180488248230e-01
7.188426167946857515e-01
7.191937831942670778e-01
7.195445218092043627e-01
7.198949040220660178e-01
7.202452678848915157e-01
7.205952459246467434e-01
7.209448757604839386e-01
7.212942591879661913e-01
7.216435572150561306e-01
7.219922083785965672e-01
7.223407224265719906e-01
7.226888737034804500e-01
7.230368412598678907e-01
7.233841690635652855e-01
7.237312980134900098e-01
7.240782295716972072e-01
7.244250488647931974e-01
7.247713672894410264e-01
7.251170405238099859e-01
7.254626677477613583e-01
7.258080150195843627e-01
7.261531175456695797e-01
7.264975374281520404e-01
7.268416256943622811e-01
7.271855372074135238e-01
7.275293206561380677e-01
7.278728612347923344e-01
7.282158816035187998e-01
7.285587578944248133e-01
7.289009546262247285e-01
7.292429745681724418e-01
7.295843450257384344e-01
7.299255237946075114e-01
7.302664784773360562e-01
7.306069829013128736e-01
7.309473884235833108e-01
7.312874021370330269e-01
7.316272420095540907e-01
7.319666841415395364e-01
7.323054815156421204e-01
7.326441494951105859e-01
7.329823669292088173e-01
7.333203987754195463e-01
7.336581238741788358e-01
7.339955975692503687e-01
7.343329955292203781e-01
7.346696984757136173e-01
7.350060345685259788e-01
7.353421583627804958e-01
7.356781214558461013e-01
7.360136436033878349e-01
7.363488170987377845e-01
7.366837494837831235e-01
7.370184078364255820e-01
7.373529898750484923e-01
7.376870941593008935e-01
7.380208170098020437e-01
7.383541013161388777e-01
7.386869257928001531e-01
7.390195201256594126e-01
7.393521092461122768e-01
7.396839289589920430e-01
7.400156178016094044e-01
7.403470190059386891e-01
7.406780236155945385e-01
7.410085255704944585e-01
7.413388563553954258e-01
7.416689770846082164e-01
7.419987754708489147e-01
7.423282321212052448e-01
7.426572912231678147e-01
7.429860765704506820e-01
7.433146724572426978e-01
7.436432148073667259e-01
7.439711222854074046e-01
7.442988369667450366e-01
7.446260316936627044e-01
7.449530516695794802e-01
7.452798325333902518e-01
7.456062395325424585e-01
7.459325675318643212e-01
7.462585488283645097e-01
7.465840406266340823e-01
7.469093498437683332e-01
7.472342297213295792e-01
7.475590047595002119e-01
7.478832476614132307e-01
7.482072188003788815e-01
7.485309208468247100e-01
7.488543824430543561e-01
7.491775627812828908e-01
7.495003473737650301e-01
7.498229158100124803e-01
7.501451566022814266e-01
7.504669937698915660e-01
7.507881732827927923e-01
7.511092353044583891e-01
7.514301671564952434e-01
7.517507561939749117e-01
7.520708852652840948e-01
7.523907405910392754e-01
7.527103078709137529e-01
7.530297591546639691e-01
7.533489345645050239e-01
7.536679121037245244e-01
7.539865958135053559e-01
7.543049902751007840e-01
7.546230842483946377e-01
7.549406505849843851e-01
7.552579584410461511e-01
7.555751010464653028e-01
7.558918275999603198e-01
7.562081498560071502e-01
7.565242319796570136e-01
7.568400746239879462e-01
7.571554944154620381e-01
7.574706599012230868e-01
7.577857100193862161e-01
7.581001551042615416e-01
7.584143836671652927e-01
7.587281336017713818e-01
7.590414648734372660e-01
7.593543677172883699e-01
7.596669570400094162e-01
7.599794337619744100e-01
7.602916169533503465e-01
7.606034112221259358e-01
7.609147956344345376e-01
7.612261681969604288e-01
7.615373183011218128e-01
7.618480491203218907e-01
7.621582472566008626e-01
7.624683150316328151e-01
7.627780098898404582e-01
7.630872305431953828e-01
7.633963621583895742e-01
7.637051921368713803e-01
7.640139714713206631e-01
7.643223031959047731e-01
7.646304318600521954e-01
7.649382055372080380e-01
7.652457975046758065e-01
7.655530594439734493e-01
7.658596567936395427e-01
7.661658285097597831e-01
7.664717105737218761e-01
7.667774738009568436e-01
7.670828290621737322e-01
7.673878910386706664e-01
7.676928230894400906e-01
7.679975779927148416e-01
7.683015569477967821e-01
7.686052498282799350e-01
7.689086063851725550e-01
7.692116167629035051e-01
7.695143449818044878e-01
7.698166885074848587e-01
7.701187428390120493e-01
7.704206994428243194e-01
7.707224540755451825e-01
7.710238820905613855e-01
7.713251026498024743e-01
7.716260511467815109e-01
7.719264879557341530e-01
7.722267972409264658e-01
7.725268369920669231e-01
7.728267936618743450e-01
7.731265988183283477e-01
7.734261562083696306e-01
7.737252870199078369e-01
7.740241197882655744e-01
7.743228383261876457e-01
7.746210541580327291e-01
7.749189846552282379e-01
7.752167527005547898e-01
7.755140806536212628e-01
7.758112706935199610e-01
7.761082465455695356e-01
7.764047841818115803e-01
7.767012486627813406e-01
7.769973074973248739e-01
7.772932407483685857e-01
7.775887932380277645e-01
7.778838427046460557e-01
7.781786549304162692e-01
7.784733276526472068e-01
7.787675135114133784e-01
7.790615262796921625e-01
7.793552750627393833e-01
7.796488815918738435e-01
7.799421235665120467e-01
7.802350445773883481e-01
7.805276211989007340e-01
7.808200201022069686e-01
7.811120310049742832e-01
7.814039145463782532e-01
7.816955934501358394e-01
7.819868757596240005e-01
7.822781220512559086e-01
7.825692899163312344e-01
7.828600605260076506e-01
7.831505623871398702e-01
7.834409696833128933e-01
7.837311200093241004e-01
7.840209739479225837e-01
7.843106617564862271e-01
7.845998764503377965e-01
7.848889176370723586e-01
7.851773207009462574e-01
7.854657056053154784e-01
7.857537425879954629e-01
7.860414747223057885e-01
7.863290407951809557e-01
7.866161491370524672e-01
7.869031317104122625e-01
7.871900235215948394e-01
7.874763900731758248e-01
7.877626364529624059e-01
7.880488556725782079e-01
7.883348608459204154e-01
7.886202857413286971e-01
7.889052543534379458e-01
7.891901261541778290e-01
7.894749282691370107e-01
7.897592591840779663e-01
7.900434963396248955e-01
7.903275369668812944e-01
7.906111807675777481e-01
7.908945102888004230e-01
7.911776804801921026e-01
7.914604386311923090e-01
7.917430216944227883e-01
7.920254633502722408e-01
7.923078523611796209e-01
7.925899686310572401e-01
7.928718166199333339e-01
7.931533635844565389e-01
7.934345155821646012e-01
7.937155789944030371e-01
7.939964266782981728e-01
7.942770020408201903e-01
7.945574048518732058e-01
7.948376792543194735e-01
7.951173862127389746e-01
7.953970350176792214e-01
7.956762787547643212e-01
7.959552921330783626e-01
7.962342336327374870e-01
7.965128200890868593e-01
7.967912140368360596e-01
7.970692742416940479e-01
7.973472639745133872e-01
7.976249724978161648e-01
7.979025907956471819e-01
7.981799217224496701e-01
7.984567970541724957e-01
7.987333435134794657e-01
7.990096692361114972e-01
7.992859130312764959e-01
7.995617830459011977e-01
7.998375608813849125e-01
8.001130941632578208e-01
8.003883493266514826e-01
8.006631710383704803e-01
8.009378684072924193e-01
8.012124302618518490e-01
8.014868931804353114e-01
8.017610776437444908e-01
8.020348582968767071e-01
8.023085279872305131e-01
8.025819403963000420e-01
8.028551579856301190e-01
8.031277832775527425e-01
8.034003412887116280e-01
8.036727255800808489e-01
8.039450045038373238e-01
8.042169246211076095e-01
8.044886723922435312e-01
8.047603097024380592e-01
8.050316192701063578e-01
8.053026120449192637e-01
8.055733599779165699e-01
8.058437689803490400e-01
8.061140460997862078e-01
8.063839801563680298e-01
8.066537807381567449e-01
8.069233296820563783e-01
8.071927627094033220e-01
8.074620197987958381e-01
8.077311115382959095e-01
8.079998960049256107e-01
8.082683212054018185e-01
8.085364518276116907e-01
8.088043993583571289e-01
8.090720344867485814e-01
8.093394526484526397e-01
8.096066818066768311e-01
8.098736559629243770e-01
8.101402586915621429e-01
8.104066756955092821e-01
8.106730466679292757e-01
8.109391791950415485e-01
8.112050624665378962e-01
8.114706359326707696e-01
8.117358693923842905e-01
8.120009396695182513e-01
8.122656723615271357e-01
8.125302890076370188e-01
8.127946588288113006e-01
8.130590232505835457e-01
8.133230303422597229e-01
8.135867434214015814e-01
8.138502482715435082e-01
8.141133765297848823e-01
8.143763299638665520e-01
8.146391083861992399e-01
8.149013677832772640e-01
8.151633501815738203e-01
8.154252133992380136e-01
8.156869391059513585e-01
8.159483179075631698e-01
8.162094728103828079e-01
8.164703118272338411e-01
8.167308968543595116e-01
8.169913820080467737e-01
8.172516692167519636e-01
8.175118257439698555e-01
8.177716842674113140e-01
8.180312561468140453e-01
8.182905479685518291e-01
8.185496653361357122e-01
8.188086978219420997e-01
8.190675016688515608e-01
8.193259646541267704e-01
8.195842559894256363e-01
8.198422212314344648e-01
8.200998096583579366e-01
8.203570961544516260e-01
8.206142454867650926e-01
8.208710172038705677e-01
8.211275654771472698e-01
8.213837989361949532e-01
8.216397240691900583e-01
8.218954195032883714e-01
8.221509903092413252e-01
8.224063896167618237e-01
8.226615681137440239e-01
8.229166499951523495e-01
8.231715088048653373e-01
8.234261217735243665e-01
8.236805468907431038e-01
8.239348101491964504e-01
8.241889324508607784e-01
8.244427162926276642e-01
8.246964053838630182e-01
8.249499290921308292e-01
8.252030857012042642e-01
8.254560406770972136e-01
8.257087710152818394e-01
8.259614152135118514e-01
8.262135322756032352e-01
8.264655620186507345e-01
8.267174976168955025e-01
8.269692416423098935e-01
8.272208374041448709e-01
8.274719722156519408e-01
8.277229232271390291e-01
8.279737083501301775e-01
8.282242305335816290e-01
8.284745724736201078e-01
8.287248438018085528e-01
8.289748312671006980e-01
8.292245245007114907e-01
8.294738082365303855e-01
8.297229191489624567e-01
8.299719234902003251e-01
8.302207219683679362e-01
8.304690994640349100e-01
8.307173186591921832e-01
8.309651483916794534e-01
8.312129418442367745e-01
8.314604990278390284e-01
8.317080463553945258e-01
8.319553005005462243e-01
8.322023147185821923e-01
8.324492189776235840e-01
8.326957325285861966e-01
8.329421402749257464e-01
8.331879799297571276e-01
8.334336735793308470e-01
8.336792682294740242e-01
8.339244812506142468e-01
8.341695479353576914e-01
8.344144304479473861e-01
8.346591414771615813e-01
8.349034934060929336e-01
8.351476772173364038e-01
8.353915566533705039e-01
8.356353730418384362e-01
8.358791630809978557e-01
8.361226288628293979e-01
8.363659757367229997e-01
8.366090745467826828e-01
8.368520639154538587e-01
8.370949421473228291e-01
8.373376501590155119e-01
8.375800276417147971e-01
8.378220671196396907e-01
8.380637617369457448e-01
8.383052678872270347e-01
8.385465467812123208e-01
8.387877065884444816e-01
8.390287091360681959e-01
8.392693446118185685e-01
8.395097950162371259e-01
8.397500597615037421e-01
8.399901650257685093e-01
8.402297688764821526e-01
8.404690039917503963e-01
8.407081848208357577e-01
8.409470733641167817e-01
8.411858986505230673e-01
8.414244169170080889e-01
8.416627729483688869e-01
8.419009337986748109e-01
8.421387516129906770e-01
8.423765247729297911e-01
8.426140235606258688e-01
8.428514705015638375e-01
8.430887432860623143e-01
8.433255209108654338e-01
8.435622507251447910e-01
8.437987372922224338e-01
8.440350162980381210e-01
8.442711107572992146e-01
8.445068635813289815e-01
8.447424757842266763e-01
8.449778131543681514e-01
8.452128820251391117e-01
8.454476770936978358e-01
8.456823886493890496e-01
8.459166104604999292e-01
8.461508002418081098e-01
8.463846827129344330e-01
8.466184638556654152e-01
8.468521793375707318e-01
8.470857471178577791e-01
8.473191794255928722e-01
8.475524177443527485e-01
8.477854721097506374e-01
8.480180822426092169e-01
8.482505494343955954e-01
8.484827022387666506e-01
8.487145854264407374e-01
8.489463292002440431e-01
8.491777507209256060e-01
8.494088608830073772e-01
8.496397566883649999e-01
8.498705686976204543e-01
8.501013075878511849e-01
8.503318308511588208e-01
8.505621887956050786e-01
8.507921791762521613e-01
8.510220924073332860e-01
8.512517054525994276e-01
8.514812178614042937e-01
8.517105302693831481e-01
8.519395673156613391e-01
8.521684386569798875e-01
8.523969998357496802e-01
8.526254254562839474e-01
8.528538405210422946e-01
8.530817893021506171e-01
8.533096610848560637e-01
8.535372627464549167e-01
8.537646926664389513e-01
8.539917644186620915e-01
8.542187094746193088e-01
8.544454836757383598e-01
8.546722421218130306e-01
8.548984520663337472e-01
8.551245833328786627e-01
8.553502059743662844e-01
8.555756331162118755e-01
8.558008942541984743e-01
8.560259779914254352e-01
8.562510191673567972e-01
8.564757951233510358e-01
8.567003323471156229e-01
8.569247235792720740e-01
8.571489116724069213e-01
8.573729806165272249e-01
8.575965472352751195e-01
8.578199079006547656e-01
8.580430691310694247e-01
8.582659867262979470e-01
8.584887775390521725e-01
8.587113679889437634e-01
8.589337905274887497e-01
8.591560952311536603e-01
8.593780474475921638e-01
8.595999163320123815e-01
8.598216663786850678e-01
8.600430916667695103e-01
8.602643270875443005e-01
8.604854799350821759e-01
8.607061349439228959e-01
8.609265846282404544e-01
8.611469148857696654e-01
8.613671443564140384e-01
8.615872742958778918e-01
8.618068723323332181e-01
8.620262837954991708e-01
8.622456232581049429e-01
8.624647024841973764e-01
8.626836537405193628e-01
8.629023762992408253e-01
8.631209738342670024e-01
8.633389868190105565e-01
8.635568919688993983e-01
8.637746425559870156e-01
8.639923045927683232e-01
8.642097583646042303e-01
8.644270153560791314e-01
8.646439896482662757e-01
8.648608346830132243e-01
8.650774259226459151e-01
8.652938503789696645e-01
8.655100755424620651e-01
8.657259521869337116e-01
8.659414599439622107e-01
8.661568565059999392e-01
8.663720495700545365e-01
8.665870960075187091e-01
8.668019656341533485e-01
8.670167110598141491e-01
8.672312525327974253e-01
8.674454781136778925e-01
8.676595035760278352e-01
8.678734186659738947e-01
8.680870753327969425e-01
8.683005823662660605e-01
8.685138585981622139e-01
8.687269286023776571e-01
8.689399287455875642e-01
8.691527618028995761e-01
8.693652877984144878e-01
8.695775093377078324e-01
8.697896668129656561e-01
8.700016030816029033e-01
8.702130941035300937e-01
8.704243280731550625e-01
8.706353929132440994e-01
8.708462616890486618e-01
8.710567996612313957e-01
8.712671057762889637e-01
8.714772248333465532e-01
8.716871710995588440e-01
8.718968596652093561e-01
8.721063897610704663e-01
8.723157090712350126e-01
8.725248703769882264e-01
8.727339008501689976e-01
8.729427850689421842e-01
8.731515154877432794e-01
8.733600125203435649e-01
8.735684906441717468e-01
8.737767323375019712e-01
8.739848465816935086e-01
8.741928474128329851e-01
8.744004207343224477e-01
8.746079369218657806e-01
8.748153052947911235e-01
8.750224958339919423e-01
8.752295017599193150e-01
8.754363236700620776e-01
8.756430442540106274e-01
8.758495696267366570e-01
8.760558864753091868e-01
8.762618596383722203e-01
8.764676104968545101e-01
8.766731917427718068e-01
8.768785516523863732e-01
8.770836357809472794e-01
8.772885386085040871e-01
8.774934199733991358e-01
8.776979258882456891e-01
8.779023149599747278e-01
8.781065886918416608e-01
8.783103150292098649e-01
8.785139184497110509e-01
8.787173950727210636e-01
8.789208132330674772e-01
8.791239403932067376e-01
8.793270076873913599e-01
8.795298939617451905e-01
8.797326143634703888e-01
8.799351716922939604e-01
8.801375950616068256e-01
8.803399551855780603e-01
8.805418516612176782e-01
8.807435173107642790e-01
8.809448490620062078e-01
8.811458611807095886e-01
8.813467673430384064e-01
8.815476127925748751e-01
8.817483327739862320e-01
8.819487574868726254e-01
8.821489042403423131e-01
8.823488391337257486e-01
8.825486908645165940e-01
8.827483850886016503e-01
8.829479736776032484e-01
8.831472672344683472e-01
8.833464863812806600e-01
8.835453866207083617e-01
8.837440305416041086e-01
8.839425767442037341e-01
8.841409344638959666e-01
8.843391631118825424e-01
8.845372927531679474e-01
8.847349489066199668e-01
8.849324128513352816e-01
8.851294901849097174e-01
8.853263500323227397e-01
8.855231253527914292e-01
8.857197024927091489e-01
8.859161783054638750e-01
8.861125195297254731e-01
8.863088077617228278e-01
8.865048752066382320e-01
8.867007111652051021e-01
8.868964260129751365e-01
8.870918603743801478e-01
8.872872282840045255e-01
8.874823357069486773e-01
8.876773322141874312e-01
8.878721074256445966e-01
8.880665851298797930e-01
8.882609273317235710e-01
8.884549419287882666e-01
8.886488637458634932e-01
8.888425912068650403e-01
8.890362162069782581e-01
8.892296716542051893e-01
8.894230524484195710e-01
8.896159129282941169e-01
8.898086253077365226e-01
8.900010035439849254e-01
8.901932600116764238e-01
8.903852738981177239e-01
8.905772359625311330e-01
8.907689627874184612e-01
8.909605184694951996e-01
8.911518446987907183e-01
8.913429073014255133e-01
8.915337572764879814e-01
8.917244787466244160e-01
8.919151090421945094e-01
8.921055539650909472e-01
8.922957372457797076e-01
8.924858427923287874e-01
8.926757835421472720e-01
8.928653255066029137e-01
8.930547746888241045e-01
8.932439987037676943e-01
8.934330580646013820e-01
8.936218408545933967e-01
8.938105076319523556e-01
8.939990831496621437e-01
8.941873107847040369e-01
8.943753807260523825e-01
8.945632795977553897e-01
8.947510094748276632e-01
8.949386639439010915e-01
8.951261161851932213e-01
8.953133030330800990e-01
8.955003353320988291e-01
8.956871804689373606e-01
8.958735574657635814e-01
8.960598689458841859e-01
8.962459748283555516e-01
8.964320326422993146e-01
8.966178518968874744e-01
8.968035089866346343e-01
8.969889936041265388e-01
8.971743232157963766e-01
8.973593453876783643e-01
8.975442221754509342e-01
8.977289518747750829e-01
8.979135470855789114e-01
8.980979955407785154e-01
8.982822663303176025e-01
8.984663335636168258e-01
8.986502649432651646e-01
8.988338039845479299e-01
8.990172202449626671e-01
8.992005429179888987e-01
8.993837964523974104e-01
8.995669135272770234e-01
8.997497718294320546e-01
8.999322485713043829e-01
9.001146408166341706e-01
9.002968923754495201e-01
9.004787245585854638e-01
9.006604739908254942e-01
9.008421312532690628e-01
9.010235463770994713e-01
9.012046882366913092e-01
9.013856887844496901e-01
9.015665415629008361e-01
9.017471699222354697e-01
9.019277468050261870e-01
9.021082242849318700e-01
9.022883436685136260e-01
9.024680595913486814e-01
9.026477550658904558e-01
9.028273098309185229e-01
9.030066512116022848e-01
9.031858515708831581e-01
9.033647523629689813e-01
9.035435517044906328e-01
9.037222609069772705e-01
9.039004993021005907e-01
9.040786495451976768e-01
9.042567238173579991e-01
9.044346767609792170e-01
9.046122726072729492e-01
9.047897301189122832e-01
9.049670620571246271e-01
9.051442561310175661e-01
9.053213019378296700e-01
9.054979108982420533e-01
9.056744419855672357e-01
9.058507506552692101e-01
9.060267883665372723e-01
9.062027689184392054e-01
9.063783817315607116e-01
9.065537801750191971e-01
9.067290344496898857e-01
9.069040756631839839e-01
9.070788946189286550e-01
9.072535964614146797e-01
9.074281503561562046e-01
9.076025921537452801e-01
9.077765557576018551e-01
9.079504926522942165e-01
9.081241770870628338e-01
9.082977224070192257e-01
9.084707942445472417e-01
9.086438145668671584e-01
9.088167662726575058e-01
9.089894167997378815e-01
9.091619857866954924e-01
9.093342274747958642e-01
9.095063338071877057e-01
9.096783126752640003e-01
9.098501551634973206e-01
9.100215979346349959e-01
9.101928093905031769e-01
9.103639363407209917e-01
9.105347213519190408e-01
9.107053868756291859e-01
9.108758497221727257e-01
9.110462364090657905e-01
9.112165277828416787e-01
9.113867035984843934e-01
9.115567838994892425e-01
9.117266417611569196e-01
9.118962397494611016e-01
9.120656019364208333e-01
9.122348142845836394e-01
9.124037322910036885e-01
9.125723636645624026e-01
9.127409471846511524e-01
9.129093324713644098e-01
9.130774939288035519e-01
9.132455349412753609e-01
9.134133566169692076e-01
9.135809395268541522e-01
9.137481587655826853e-01
9.139153621276910888e-01
9.140823230382743025e-01
9.142490735220332176e-01
9.144157457883558271e-01
9.145823080816835038e-01
9.147486998749475573e-01
9.149148035190437511e-01
9.150808432811349258e-01
9.152467176691224671e-01
9.154125022750254637e-01
9.155778902920387319e-01
9.157431325512194187e-01
9.159080246220281385e-01
9.160728132325549611e-01
9.162375518931380469e-01
9.164019334352655477e-01
9.165661117071129960e-01
9.167302494037383731e-01
9.168941553074523299e-01
9.170578957197191849e-01
9.172213709963428219e-01
9.173847366877386778e-01
9.175479164581534786e-01
9.177109954158108041e-01
9.178738879827966768e-01
9.180365327193481528e-01
9.181989564378782998e-01
9.183611098989155064e-01
9.185230425720243286e-01
9.186848876069053649e-01
9.188465556691796099e-01
9.190081689943544463e-01
9.191695361985162682e-01
9.193308027746106559e-01
9.194919426853862543e-01
9.196526868948533551e-01
9.198131740413574287e-01
9.199735583416546181e-01
9.201337841205753376e-01
9.202939670054265386e-01
9.204538018679137013e-01
9.206134036991140412e-01
9.207728667521209998e-01
9.209321020498557608e-01
9.210912545420832931e-01
9.212501196253007896e-01
9.214086980048395992e-01
9.215671970780799915e-01
9.217255438196737538e-01
9.218838741135537695e-01
9.220419594715525413e-01
9.221998448350453570e-01
9.223576300648749227e-01
9.225147943499303338e-01
9.226719020569132956e-01
9.228289585985069987e-01
9.229858234688812502e-01
9.231423990415629222e-01
9.232988255805583133e-01
9.234549787779317009e-01
9.236109414667421635e-01
9.237666154261504614e-01
9.239222028601193903e-01
9.240776516168988097e-01
9.242329475133598260e-01
9.243880894416004468e-01
9.245429472627043621e-01
9.246976521413824424e-01
9.248521100031498188e-01
9.250063335298724931e-01
9.251605005480004751e-01
9.253145856529866320e-01
9.254683626022950360e-01
9.256218911777248648e-01
9.257753931399622660e-01
9.259286491589016066e-01
9.260817601232903540e-01
9.262347897944177566e-01
9.263877138023838276e-01
9.265404533929364472e-01
9.266929645609379707e-01
9.268454200030108447e-01
9.269976850127091828e-01
9.271497431091909602e-01
9.273015013728777012e-01
9.274531471277098760e-01
9.276046412900903482e-01
9.277559339657307502e-01
9.279070175495338635e-01
9.280578947287210223e-01
9.282086017865454064e-01
9.283592054788656345e-01
9.285097161045138270e-01
9.286601151740411231e-01
9.288102560378854733e-01
9.289602343667732187e-01
9.291099101345826616e-01
9.292594235900262234e-01
9.294088249037827376e-01
9.295579655412602449e-01
9.297070044209779782e-01
9.298559936426877837e-01
9.300048805725651402e-01
9.301534961953001890e-01
9.303020672161224081e-01
9.304503384581169767e-01
9.305985340392509686e-01
9.307464777613486673e-01
9.308943391547296331e-01
9.310419908143681145e-01
9.311894449800747209e-01
9.313366396531348457e-01
9.314837606451989993e-01
9.316307671452631611e-01
9.317774599885239040e-01
9.319240925703607958e-01
9.320704660354401927e-01
9.322167693496600238e-01
9.323629182104582469e-01
9.325088848020508525e-01
9.326547191186088659e-01
9.328002447008688636e-01
9.329457339060140963e-01
9.330910274480362920e-01
9.332362252239385647e-01
9.333811341380136017e-01
9.335259654443687216e-01
9.336706250988724420e-01
9.338151193705628295e-01
9.339595334395205395e-01
9.341036535003760521e-01
9.342475642146623738e-01
9.343913667874166329e-01
9.345349308082387951e-01
9.346783434422524239e-01
9.348216710546056740e-01
9.349647152962090590e-01
9.351075187916898512e-01
9.352502678847633977e-01
9.353926295202392716e-01
9.355349038001752326e-01
9.356770710710636818e-01
9.358190659795116995e-01
9.359609952745994166e-01
9.361027936692493112e-01
9.362442775606808487e-01
9.363855404003285088e-01
9.365265947516696610e-01
9.366674812858428734e-01
9.368082446970628085e-01
9.369489092272075270e-01
9.370892377488746483e-01
9.372295190549123634e-01
9.373697011693830072e-01
9.375098454508635770e-01
9.376498448087158266e-01
9.377895613896110039e-01
9.379290511588980195e-01
9.380682763059071672e-01
9.382074422696985438e-01
9.383464565911014965e-01
9.384853599172368055e-01
9.386239710157593397e-01
9.387625200436009454e-01
9.389008921499354399e-01
9.390389749035977784e-01
9.391768820856053468e-01
9.393145583317122904e-01
9.394520558845713687e-01
9.395892704642656579e-01
9.397262989582564341e-01
9.398632363241931076e-01
9.400000636436863788e-01
9.401366292496209365e-01
9.402730143314337319e-01
9.404092743146310607e-01
9.405454915665339977e-01
9.406815262702294955e-01
9.408172242140058206e-01
9.409527913619247785e-01
9.410881479730026644e-01
9.412233940251545361e-01
9.413585408084077510e-01
9.414935828836429321e-01
9.416283360491064514e-01
9.417629726990588424e-01
9.418974846876760898e-01
9.420316007012982107e-01
9.421654623010785601e-01
9.422992800581767581e-01
9.424329759752876345e-01
9.425665125194707672e-01
9.426999704704369654e-01
9.428331732819495992e-01
9.429662196049898304e-01
9.430990004430023221e-01
9.432317275516477473e-01
9.433643055019395041e-01
9.434966484489568650e-01
9.436288685782837637e-01
9.437609840383870408e-01
9.438928955388443676e-01
9.440247922149170856e-01
9.441564507218714875e-01
9.442880073297310606e-01
9.444193234267481696e-01
9.445503456225297079e-01
9.446813237675685260e-01
9.448122364309924359e-01
9.449428759750243545e-01
9.450733806267668236e-01
9.452036321490780990e-01
9.453337918698578868e-01
9.454638012040746942e-01
9.455935517165304782e-01
9.457231633112074265e-01
9.458525735121235956e-01
9.459819520359391554e-01
9.461110798090131002e-01
9.462400011988045812e-01
9.463687610022648578e-01
9.464973703273042993e-01
9.466258647912904056e-01
9.467541347091211756e-01
9.468822449389149298e-01
9.470102129483805031e-01
9.471380866229597295e-01
9.472656566905247599e-01
9.473930102748234772e-01
9.475201413656970661e-01
9.476471207505944294e-01
9.477739350578431310e-01
9.479005948836246587e-01
9.480270807581723247e-01
9.481534195534602194e-01
9.482797389761282725e-01
9.484059525579717764e-01
9.485319420450013528e-01
9.486578087149333260e-01
9.487833038521215068e-01
9.489085831290252626e-01
9.490337203354403117e-01
9.491586953638172508e-01
9.492834659071159864e-01
9.494081152654180178e-01
9.495326276590960735e-01
9.496570807460673613e-01
9.497813045859129222e-01
9.499053874073427606e-01
9.500293197301583614e-01
9.501530599709659963e-01
9.502766318380949651e-01
9.504000780560638573e-01
9.505233848152753184e-01
9.506466116758263141e-01
9.507696169726813640e-01
9.508924417305755217e-01
9.510151890168133670e-01
9.511377646177093803e-01
9.512601263714193234e-01
9.513823469463228433e-01
9.515044820856350949e-01
9.516265241416219656e-01
9.517483296906597001e-01
9.518698951307209555e-01
9.519914087534993019e-01
9.521125232848857145e-01
9.522335047182483025e-01
9.523544189838127894e-01
9.524752220109138356e-01
9.525958767165982888e-01
9.527162282463251808e-01
9.528364339814695549e-01
9.529564450189522695e-01
9.530763646884028439e-01
9.531961719156482049e-01
9.533157956444462400e-01
9.534351036916476341e-01
9.535543241462044461e-01
9.536734153046075857e-01
9.537923732732934701e-01
9.539111836939614397e-01
9.540297630314752420e-01
9.541482364130142724e-01
9.542665022080943915e-01
9.543846020386160811e-01
9.545026214515416330e-01
9.546204809093198351e-01
9.547380763882069576e-01
9.548555916773513452e-01
9.549728021666501476e-01
9.550899447794750641e-01
9.552069753023204601e-01
9.553237953148907557e-01
9.554405314664561333e-01
9.555570493933095433e-01
9.556734781889998365e-01
9.557896395661457101e-01
9.559056861171417729e-01
9.560216614030822013e-01
9.561374357187022444e-01
9.562529723336435916e-01
9.563684211319377626e-01
9.564836342953473292e-01
9.565987131450225389e-01
9.567136290777702445e-01
9.568283472001020140e-01
9.569430185705046776e-01
9.570575556902000125e-01
9.571719757544413509e-01
9.572863585897850580e-01
9.574005556935311079e-01
9.575144861741541336e-01
9.576281881141112118e-01
9.577418050371848679e-01
9.578552860441907901e-01
9.579686249113810170e-01
9.580819087026264391e-01
9.581950712716273966e-01
9.583080974149379427e-01
9.584209862627256493e-01
9.585335881196865859e-01
9.586460695038957480e-01
9.587583046002458032e-01
9.588704977192549217e-01
9.589826065795391541e-01
9.590945166936187816e-01
9.592062713034458232e-01
9.593179595113833225e-01
9.594295415359355150e-01
9.595410154331267538e-01
9.596524097726859548e-01
9.597636699610970767e-01
9.598746286492328972e-01
9.599855535072818746e-01
9.600963471884076395e-01
9.602068960976283263e-01
9.603173743809452212e-01
9.604278055013067972e-01
9.605381123759636486e-01
9.606482237522515621e-01
9.607581186440333765e-01
9.608679098035615151e-01
9.609774604462648639e-01
9.610869717264967083e-01
9.611963780423065096e-01
9.613056268860215026e-01
9.614147967019025520e-01
9.615238060423140221e-01
9.616326789908254957e-01
9.617413192145305434e-01
9.618499428607356627e-01
9.619582410161471309e-01
9.620665216047006307e-01
9.621746790682733641e-01
9.622827931613220365e-01
9.623907409887141329e-01
9.624985280884109651e-01
9.626061697981975751e-01
9.627137142852996154e-01
9.628210258600518046e-01
9.629280927502190668e-01
9.630351315802446743e-01
9.631420810930083620e-01
9.632488414374690278e-01
9.633553006095403326e-01
9.634615987804876491e-01
9.635678113771976028e-01
9.636740198818366521e-01
9.637800581601463357e-01
9.638860131230555517e-01
9.639918492319533572e-01
9.640974200531614580e-01
9.642027416167447962e-01
9.643079125686899733e-01
9.644130657100157267e-01
9.645179201146574233e-01
9.646226314346493247e-01
9.647272305990585162e-01
9.648317293284430773e-01
9.649361360723491821e-01
9.650402470727427184e-01
9.651442891519337319e-01
9.652481721739469833e-01
9.653519708083668771e-01
9.654556553532093188e-01
9.655590995560978662e-01
9.656624422169932664e-01
9.657656756406989285e-01
9.658686588655425176e-01
9.659714685115248223e-01
9.660741815506284080e-01
9.661767749829874852e-01
9.662792641908312108e-01
9.663816499812020178e-01
9.664838804002279238e-01
9.665858898558046253e-01
9.666877478081472574e-01
9.667895148775365044e-01
9.668912531365680962e-01
9.669928437291905876e-01
9.670941676168844925e-01
9.671952028938222146e-01
9.672961595128437562e-01
9.673970054500298232e-01
9.674977988251243222e-01
9.675983703448228779e-01
9.676988312698676653e-01
9.677991679757207422e-01
9.678991704117501094e-01
9.679990607747472886e-01
9.680987848740111312e-01
9.681983244761289686e-01
9.682978530002531725e-01
9.683971844028066434e-01
9.684963556913652738e-01
9.685954469721628213e-01
9.686943862647849901e-01
9.687931587526343868e-01
9.688917954741682603e-01
9.689902047353360359e-01
9.690885491828583609e-01
9.691867546583817772e-01
9.692847481456950964e-01
9.693827235994199043e-01
9.694805821104021115e-01
9.695781868677840754e-01
9.696757503499484621e-01
9.697732701562918889e-01
9.698705868845530764e-01
9.699677705072815570e-01
9.700649022367701102e-01
9.701619015954747738e-01
9.702587984684036826e-01
9.703554787768454704e-01
9.704520711841511105e-01
9.705485702208395127e-01
9.706448600444396169e-01
9.707410666919037423e-01
9.708368769987804070e-01
9.709325906167899367e-01
9.710281346870176522e-01
9.711235380721522370e-01
9.712188195490424336e-01
9.713140617006571498e-01
9.714090241317931973e-01
9.715038265812102614e-01
9.715986035271984012e-01
9.716930856313429343e-01
9.717872978145190022e-01
9.718814197534542121e-01
9.719754902845600952e-01
9.720693403394746746e-01
9.721631003683778305e-01
9.722566296889456616e-01
9.723499996708011572e-01
9.724432791324129077e-01
9.725365310020221976e-01
9.726294929708588777e-01
9.727222993510923343e-01
9.728149639300995855e-01
9.729075221241619831e-01
9.729999602051534469e-01
9.730922185460130214e-01
9.731844261378332916e-01
9.732763356376711306e-01
9.733680526879395778e-01
9.734595208791726462e-01
9.735509295871277446e-01
9.736421986482901580e-01
9.737332694870788341e-01
9.738241884353388000e-01
9.739150809439788281e-01
9.740058106868558774e-01
9.740963559439649311e-01
9.741867800656147658e-01
9.742770247137439998e-01
9.743672062911417076e-01
9.744571418751812875e-01
9.745470266239156798e-01
9.746368010722116226e-01
9.747263099941944064e-01
9.748156615912652034e-01
9.749049725485015028e-01
9.749941426792070320e-01
9.750831623341253973e-01
9.751721352023715594e-01
9.752609049314722167e-01
9.753494720384063843e-01
9.754377949201017417e-01
9.755259705081631427e-01
9.756138020532637567e-01
9.757016212070768191e-01
9.757892591484396139e-01
9.758767945597749405e-01
9.759642107277792800e-01
9.760514554156919376e-01
9.761385606149761696e-01
9.762256190103704157e-01
9.763124212815645908e-01
9.763991820696765744e-01
9.764856650413060724e-01
9.765720766648599005e-01
9.766584781625252676e-01
9.767446282505765076e-01
9.768306097751806583e-01
9.769164809847742381e-01
9.770021864441374992e-01
9.770877777166049327e-01
9.771731484858329209e-01
9.772585025925095703e-01
9.773436443631978721e-01
9.774286354145348410e-01
9.775135626820514734e-01
9.775981612250220776e-01
9.776826579685634622e-01
9.777669470895546944e-01
9.778511616713519983e-01
9.779351648194711810e-01
9.780190035543890881e-01
9.781028113187264506e-01
9.781865138566157025e-01
9.782701082331849429e-01
9.783535597388753891e-01
9.784365819210364412e-01
9.785195633570559215e-01
9.786024290262381742e-01
9.786849403331820962e-01
9.787673486805898992e-01
9.788496425563834036e-01
9.789318010985554874e-01
9.790138752462738125e-01
9.790958854620327445e-01
9.791775420167552202e-01
9.792590917678495321e-01
9.793404879245570793e-01
9.794217518567351899e-01
9.795029522183401616e-01
9.795840548667020808e-01
9.796649777863484232e-01
9.797457725593042843e-01
9.798263643874878248e-01
9.799068416647189750e-01
9.799872098279681643e-01
9.800675037607368134e-01
9.801476980181940135e-01
9.802276908875822148e-01
9.803075268629994898e-01
9.803872152805266360e-01
9.804668807431200506e-01
9.805463614596253707e-01
9.806256071798703511e-01
9.807047000548515525e-01
9.807835871863200827e-01
9.808622295602943408e-01
9.809408318922235859e-01
9.810193373558139252e-01
9.810976896192806773e-01
9.811758728746409197e-01
9.812536818103556602e-01
9.813312905229186756e-01
9.814087362740566700e-01
9.814859950775689512e-01
9.815631101702866346e-01
9.816401021961125295e-01
9.817170123338612164e-01
9.817937572029223903e-01
9.818704135724084514e-01
9.819470080409653523e-01
9.820233801375818361e-01
9.820997144886250974e-01
9.821757718473490550e-01
9.822517854233406842e-01
9.823276655603385699e-01
9.824033478851511569e-01
9.824789142691717769e-01
9.825544186522630064e-01
9.826296181200719904e-01
9.827047350134295867e-01
9.827796717403445292e-01
9.828544224791849748e-01
9.829290287118142011e-01
9.830034511674554665e-01
9.830777018414814661e-01
9.831519055631948723e-01
9.832260009510261911e-01
9.832999146190198880e-01
9.833736747668486711e-01
9.834473050196175237e-01
9.835206639525517769e-01
9.835940168326340327e-01
9.836671772039424777e-01
9.837401658071377453e-01
9.838130583108654070e-01
9.838858526794399539e-01
9.839584729311335876e-01
9.840308993284843098e-01
9.841031867751739437e-01
9.841752739555467144e-01
9.842471678695194903e-01
9.843190105240530174e-01
9.843907263202184010e-01
9.844621255820440453e-01
9.845334546949411347e-01
9.846046454186376806e-01
9.846757912852078798e-01
9.847467483197173133e-01
9.848172950024822736e-01
9.848877818998359457e-01
9.849580848858069393e-01
9.850283147133324091e-01
9.850984363205811389e-01
9.851683786029652445e-01
9.852382756572831690e-01
9.853081134139437536e-01
9.853778252721363540e-01
9.854473516990684967e-01
9.855166053744366383e-01
9.855856370055092741e-01
9.856544473920615390e-01
9.857231276284670329e-01
9.857917676645194804e-01
9.858602404621680249e-01
9.859286571356803419e-01
9.859969098140259902e-01
9.860650164546125307e-01
9.861329993475319577e-01
9.862008783883848828e-01
9.862686438598213812e-01
9.863364075977965051e-01
9.864038986036749446e-01
9.864712780709938844e-01
9.865384385306558146e-01
9.866053016195612813e-01
9.866721449269988398e-01
9.867389062112220666e-01
9.868055776784100397e-01
9.868720098974511634e-01
9.869383156580007199e-01
9.870044263972433951e-01
9.870704426968627265e-01
9.871363110066839752e-01
9.872020473483479330e-01
9.872675842935937363e-01
9.873329000148028944e-01
9.873979706924709276e-01
9.874628450903051302e-01
9.875276463602947752e-01
9.875923104740520486e-01
9.876567882444231561e-01
9.877210883647316031e-01
9.877851837517539479e-01
9.878491621651547261e-01
9.879130811564081904e-01
9.879767761921736113e-01
9.880402159849249744e-01
9.881036291817929529e-01
9.881669747004384607e-01
9.882302118678845115e-01
9.882932325816390362e-01
9.883561593675760371e-01
9.884188210004735131e-01
9.884812565441859489e-01
9.885435360882226519e-01
9.886055285352740585e-01
9.886674590429063159e-01
9.887292999657536496e-01
9.887908406033142361e-01
9.888522627396034714e-01
9.889132706790285665e-01
9.889740734483034590e-01
9.890346213443894641e-01
9.890951631688400525e-01
9.891555145993821130e-01
9.892157350340633482e-01
9.892758868691139407e-01
9.893357197617310694e-01
9.893952939232145694e-01
9.894547139130536184e-01
9.895140944704108321e-01
9.895733090577314428e-01
9.896322059374199620e-01
9.896909569374587878e-01
9.897494050333041082e-01
9.898077407489140889e-01
9.898658632360637366e-01
9.899238951798254860e-01
9.899818783303739878e-01
9.900395990354139419e-01
9.900972681833143385e-01
9.901546114289820899e-01
9.902117871166525864e-01
9.902686524487204212e-01
9.903254505183967105e-01
9.903821397869849719e-01
9.904386323496662259e-01
9.904949843156284350e-01
9.905511220331407740e-01
9.906071533898007653e-01
9.906630387871109278e-01
9.907187675844008057e-01
9.907743655230071278e-01
9.908298173580568635e-01
9.908850076013928643e-01
9.909401525355951978e-01
9.909951639123617539e-01
9.910500448248931171e-01
9.911046140439861984e-01
9.911591208348115023e-01
9.912136038981903541e-01
9.912678738529167033e-01
9.913219804061669249e-01
9.913759270636660625e-01
9.914297203976303319e-01
9.914833160498791598e-01
9.915367870703180042e-01
9.915900101835072311e-01
9.916430989099214166e-01
9.916960300124834093e-01
9.917488049774401127e-01
9.918014867671776091e-01
9.918539801367279862e-01
9.919063874067244324e-01
9.919586446628924081e-01
9.920107648403085898e-01
9.920628177264478875e-01
9.921146440296256808e-01
9.921663314518158749e-01
9.922178648497644859e-01
9.922691493295818788e-01
9.923203403095562924e-01
9.923713287011087791e-01
9.924221050681562017e-01
9.924728292046559597e-01
9.925234519748161732e-01
9.925739371296770086e-01
9.926242191292670158e-01
9.926742102945077528e-01
9.927241650069108525e-01
9.927738759507067634e-01
9.928234598358415264e-01
9.928728751050731605e-01
9.929219849124674147e-01
9.929709618727267095e-01
9.930198002127530454e-01
9.930685608443863277e-01
9.931171710174814260e-01
9.931656077426208595e-01
9.932139336869051371e-01
9.932620616080921616e-01
9.933100407836940038e-01
9.933579021020348954e-01
9.934057485146635669e-01
9.934534749696285472e-01
9.935008338147925944e-01
9.935480525629327708e-01
9.935951576624716397e-01
9.936420650781420116e-01
9.936887592570358141e-01
9.937352339885343611e-01
9.937816398793641870e-01
9.938278347072075913e-01
9.938739322295827572e-01
9.939197480920661798e-01
9.939655556955651061e-01
9.940112322928913446e-01
9.940567795691011010e-01
9.941021337497509824e-01
9.941474238791992990e-01
9.941924445451848502e-01
9.942373100270643915e-01
9.942820297871283186e-01
9.943266212600484488e-01
9.943711308817833050e-01
9.944155484498909958e-01
9.944598162784941131e-01
9.945038886895822827e-01
9.945478602075128460e-01
9.945916786427656531e-01
9.946352831313975962e-01
9.946787074552477792e-01
9.947220032768400166e-01
9.947651893590103711e-01
9.948082485599933911e-01
9.948511607028904802e-01
9.948939960240611446e-01
9.949365684940352228e-01
9.949790658243600205e-01
9.950214408970932123e-01
9.950636948312301389e-01
9.951059012569315465e-01
9.951478634634346454e-01
9.951897473056026122e-01
9.952315611253301775e-01
9.952730989546830775e-01
9.953144845058840007e-01
9.953558113594953571e-01
9.953970377820071658e-01
9.954380358199161893e-01
9.954788304323880510e-01
9.955194477829324429e-01
9.955597463407073189e-01
9.955999254229469519e-01
9.956400928943209827e-01
9.956800670898188210e-01
9.957197665815158416e-01
9.957594263860120032e-01
9.957990130551591657e-01
9.958384087147678088e-01
9.958777469044367558e-01
9.959168763954414638e-01
9.959559169561305048e-01
9.959949218254712244e-01
9.960336788455179668e-01
9.960723612247738279e-01
9.961108843324112394e-01
9.961492436485188673e-01
9.961874276071630563e-01
9.962255108841775453e-01
9.962634522239235402e-01
9.963012592379472121e-01
9.963390195799104454e-01
9.963766020187430072e-01
9.964141478683137265e-01
9.964515179144213253e-01
9.964886870481888259e-01
9.965255544976265867e-01
9.965623784315734701e-01
9.965991503771095550e-01
9.966355497468263325e-01
9.966718485219946411e-01
9.967081131532496974e-01
9.967442067794569649e-01
9.967801119374081198e-01
9.968156834192480886e-01
9.968509696824546795e-01
9.968861949389069554e-01
9.969211161876819771e-01
9.969559641040994791e-01
9.969901797710065683e-01
9.970243036281032367e-01
9.970581475516562264e-01
9.970919130352408066e-01
9.971253419993391098e-01
9.971585996325177392e-01
9.971916710808832462e-01
9.972241845282563411e-01
9.972565480767504598e-01
9.972885906864970007e-01
9.973203625020096164e-01
9.973519524008813697e-01
9.973833001423139111e-01
9.974144689096982042e-01
9.974455350632378536e-01
9.974763191156607034e-01
9.975068192959047897e-01
9.975372800805555329e-01
9.975676339228347622e-01
9.975978859692602452e-01
9.976278700716788572e-01
9.976576797978903288e-01
9.976871094718637867e-01
9.977163934814781143e-01
9.977456351266260626e-01
9.977743836927054355e-01
9.978027990688539406e-01
9.978310812651033368e-01
9.978591323250760592e-01
9.978870596128440740e-01
9.979148558601649288e-01
9.979425342127784537e-01
9.979698027880391509e-01
9.979965374759275365e-01
9.980230928112018285e-01
9.980494914096679215e-01
9.980756990261678840e-01
9.981016628124618206e-01
9.981275123342279176e-01
9.981532052668797839e-01
9.981788346583451155e-01
9.982043093154641111e-01
9.982296210454307817e-01
9.982546786407975326e-01
9.982795525617975674e-01
9.983042775565448279e-01
9.983288297713504011e-01
9.983533023365476211e-01
9.983775532468529557e-01
9.984016773056474392e-01
9.984254691815496185e-01
9.984490984989858875e-01
9.984725532758733646e-01
9.984959318921072802e-01
9.985190223856855729e-01
9.985419002794236887e-01
9.985646134479422287e-01
9.985870804372627418e-01
9.986095283527470778e-01
9.986318497941880645e-01
9.986541084414070069e-01
9.986762213834137203e-01
9.986980593183633070e-01
9.987196263939771557e-01
9.987410513611922891e-01
9.987623719887452900e-01
9.987835797898274581e-01
9.988046753225083840e-01
9.988255127488888663e-01
9.988462231331655117e-01
9.988666286703538066e-01
9.988867374927276055e-01
9.989067196235493773e-01
9.989265597449960010e-01
9.989463208190190180e-01
9.989656168626487309e-01
9.989847522741486241e-01
9.990037340812295552e-01
9.990224936348199858e-01
9.990411613393684886e-01
9.990596423312724239e-01
9.990776737536498642e-01
9.990955198111937108e-01
9.991129297173121371e-01
9.991299849924429877e-01
9.991469078364342282e-01
9.991636286302492120e-01
9.991801141967007194e-01
9.991965233965157678e-01
9.992128235967726591e-01
9.992289376867049544e-01
9.992448257324882954e-01
9.992606173245962564e-01
9.992760355277277018e-01
9.992913718680219715e-01
9.993065718586826573e-01
9.993217236689913019e-01
9.993366566352754887e-01
9.993514610745929394e-01
9.993659362222522269e-01
9.993802914858682662e-01
9.993945036185708508e-01
9.994084955476643106e-01
9.994223019926657958e-01
9.994360811632717612e-01
9.994497487395976876e-01
9.994632523424670234e-01
9.994767014882852685e-01
9.994900335515027878e-01
9.995032654568462016e-01
9.995162286192275092e-01
9.995291765982726728e-01
9.995418479846169824e-01
9.995543393362824602e-01
9.995662631432560286e-01
9.995781216662533719e-01
9.995896562695577581e-01
9.996010182182404336e-01
9.996121718145378754e-01
9.996232613918788479e-01
9.996338603474635987e-01
9.996443051921479750e-01
9.996546390802030224e-01
9.996648997193712249e-01
9.996750390100310746e-01
9.996848377466944768e-01
9.996945615986395639e-01
9.997041627057622337e-01
9.997135743564452559e-01
9.997224984563282124e-01
9.997312002353216931e-01
9.997397127870750744e-01
9.997481018445161238e-01
9.997562440237912629e-01
9.997642632927652429e-01
9.997722035630211002e-01
9.997798206278053490e-01
9.997871289289983476e-01
9.997943963642993426e-01
9.998013552516845648e-01
9.998082808703012692e-01
9.998150660251857724e-01
9.998216452646104813e-01
9.998281210456774204e-01
9.998344872657759508e-01
9.998408014282845757e-01
9.998469185997235220e-01
9.998528615550160703e-01
9.998587430293794931e-01
9.998645837079280785e-01
9.998703558599038033e-01
9.998756050805894802e-01
9.998806575650412976e-01
9.998856571376170121e-01
9.998906145268080525e-01
9.998954807994823168e-01
9.999001902806913256e-01
9.999048170454183371e-01
9.999093762580397726e-01
9.999138235149570564e-01
9.999180953771189539e-01
9.999222745466159745e-01
9.999263395720081604e-01
9.999303255386082778e-01
9.999341803993128108e-01
9.999379705616426861e-01
9.999415474114563551e-01
9.999451078043425367e-01
9.999484712884595394e-01
9.999518048646500734e-01
9.999549493841081160e-01
9.999580495835406202e-01
9.999610023080760524e-01
9.999638811823409190e-01
9.999666179993105253e-01
9.999692801566442135e-01
9.999718955140427523e-01
9.999743236223325171e-01
9.999766644616677747e-01
9.999789197906826521e-01
9.999809403991596346e-01
9.999828149395048049e-01
9.999845947910284139e-01
9.999862998034916295e-01
9.999879487283873658e-01
9.999895224803039273e-01
9.999907589084033877e-01
9.999919547272626552e-01
9.999930239772808482e-01
9.999940500154022027e-01
9.999950045704499857e-01
9.999959505310349606e-01
9.999968182961800345e-01
9.999974723001930910e-01
9.999980197827768036e-01
9.999985061659354413e-01
9.999988790127603000e-01
9.999991492435575946e-01
9.999993953076080633e-01
9.999995731389432763e-01
9.999996984644455855e-01
9.999997914802658538e-01
9.999998798796925215e-01
9.999999480964200105e-01
9.999999999999997780e-01
9.999999999999997780e-01
9.999999999999997780e-01
