7.203066492551122441e-03
6.240410447137321147e-03
5.838340312814694309e-03
4.574613319782363727e-03
4.099598874167909371e-03
3.977438267885147032e-03
3.725742852999416096e-03
3.600276690943521925e-03
3.160565851929749998e-03
2.963828918869994365e-03
2.916596803143896473e-03
2.762269041870220321e-03
2.696374042476945218e-03
2.648600765595314228e-03
2.619846631561512616e-03
2.598791870984665502e-03
2.486793388328581694e-03
2.334315242698808968e-03
2.325971720289741942e-03
2.273375651325555344e-03
2.197193868044729041e-03
2.169446812555523955e-03
2.134259171987816246e-03
2.052120364383028250e-03
1.973491806720496788e-03
1.949323384871737763e-03
1.893383286526143525e-03
1.867724658598683913e-03
1.853854007799583510e-03
1.835550970466830623e-03
1.814723076491403780e-03
1.806406714844999151e-03
1.797722089369825854e-03
1.765794126118189460e-03
1.749308319577141425e-03
1.740892066602226949e-03
1.719984023327023612e-03
1.699657950769650544e-03
1.694546116146688737e-03
1.678700599341499374e-03
1.665891589304132909e-03
1.642069332651654393e-03
1.627907904286159026e-03
1.608445660441551071e-03
1.604535011312172368e-03
1.596696847213879659e-03
1.571792083052259105e-03
1.563413841679592168e-03
1.555697418830735484e-03
1.549061282379278178e-03
1.542433304856481594e-03
1.526037853462852961e-03
1.522867630545405183e-03
1.515266452478368714e-03
1.507092037800759725e-03
1.498031655060319284e-03
1.493840850319899530e-03
1.471129089181240357e-03
1.465629121010818747e-03
1.460786637515743480e-03
1.420550064808639382e-03
1.414380520785204261e-03
1.405576187200608925e-03
1.399579295709893392e-03
1.384191077690471571e-03
1.382948021298870383e-03
1.370385599218410357e-03
1.366051338566103175e-03
1.357639324341313901e-03
1.353999244747118016e-03
1.348349686766341267e-03
1.337822500077157214e-03
1.334193157505244101e-03
1.323895541791305025e-03
1.320587859143167869e-03
1.308859778573649669e-03
1.307216324643708334e-03
1.295736274713358421e-03
1.292549984483748471e-03
1.289408145895084125e-03
1.280907654965675194e-03
1.273199785831857517e-03
1.272035771687521528e-03
1.263869365218491447e-03
1.257915607258954134e-03
1.252491216254716282e-03
1.251062192447182590e-03
1.248900912794339950e-03
1.239310339774787276e-03
1.233745435554630190e-03
1.229754457253587211e-03
1.226748018690990974e-03
1.221046550738390593e-03
1.215007327910457404e-03
1.213507459358862317e-03
1.211133061347154441e-03
1.203482523586358807e-03
1.201216668523636148e-03
1.198620569914074334e-03
1.194321702638678285e-03
1.189973059176381446e-03
1.184768769187585910e-03
1.183287428988028358e-03
1.179157997988700048e-03
1.176720603328494175e-03
1.170802669499749126e-03
1.167376754262974478e-03
1.160803136593279838e-03
1.159201663855794449e-03
1.155034070819427675e-03
1.152800800597063085e-03
1.148734652795154083e-03
1.146519093662391785e-03
1.143243634602789539e-03
1.140203144647395847e-03
1.139898265921314565e-03
1.133522355930665672e-03
1.131834377209502748e-03
1.129022546161926373e-03
1.127072945074300081e-03
1.120953078942201354e-03
1.117054863905568530e-03
1.114718918593007001e-03
1.108820032900509952e-03
1.104397457845543613e-03
1.099775755823427167e-03
1.099600823665301385e-03
1.090497692628550602e-03
1.088770424268627581e-03
1.085053877883688156e-03
1.084102808753799373e-03
1.076964174926575094e-03
1.075090512159128375e-03
1.073481942850237165e-03
1.070701611835510715e-03
1.069723110351158187e-03
1.063354171618700883e-03
1.058398986889178342e-03
1.055557022313451804e-03
1.053710900400935471e-03
1.050561280064124222e-03
1.046511409868504340e-03
1.042208684675516566e-03
1.039386474535250720e-03
1.037820903226815451e-03
1.033469736375067661e-03
1.028827748644330293e-03
1.027686931118854856e-03
1.027361111615352016e-03
1.024771297242031394e-03
1.020381364932644109e-03
1.015929103607538832e-03
1.012436846739883309e-03
1.010132183886034395e-03
1.006026136732702126e-03
1.003685116859136771e-03
9.997187515755939953e-04
9.941909405212332081e-04
9.884388218120820479e-04
9.870354892482721427e-04
9.836525018399465588e-04
9.802538942137717631e-04
9.786404009767841333e-04
9.741326885815035060e-04
9.739180921301466599e-04
9.690532008648937217e-04
9.662896804240126564e-04
9.650143945665845243e-04
9.599804652913953998e-04
9.588384944030159743e-04
9.567204804501266112e-04
9.548233777438371213e-04
9.529671512711845828e-04
9.523946501605758379e-04
9.500939224905499301e-04
9.489874063030607348e-04
9.469114611643674774e-04
9.422368037138639579e-04
9.418046911508341258e-04
9.386553508368988569e-04
9.380181330480254947e-04
9.359304508214964183e-04
9.341958577778687774e-04
9.312759901409944398e-04
9.283440381370466898e-04
9.246619428165957525e-04
9.229830489330289028e-04
9.226994833513957155e-04
9.186002539794947642e-04
9.158386876218588485e-04
9.129346395555701897e-04
9.097039589504790158e-04
9.083927330728621243e-04
9.053606513456061589e-04
9.037640479685279558e-04
9.009843128037232094e-04
8.990252719627240619e-04
8.971999436435089273e-04
8.955817894807813163e-04
8.919478867796965795e-04
8.901373108844250204e-04
8.869610039002536221e-04
8.864648981888714795e-04
8.836363967398723268e-04
8.823247813444241427e-04
8.806663952249048875e-04
8.791731864926324467e-04
8.767813725629366442e-04
8.733935412249623940e-04
8.727845660580340345e-04
8.714547990380345447e-04
8.711232329148328344e-04
8.665194002010577880e-04
8.639817853414850880e-04
8.620285947204803624e-04
8.599913281988825131e-04
8.580180704316090010e-04
8.559066842955075473e-04
8.534880452860073774e-04
8.520534892544602643e-04
8.502577565596164833e-04
8.496598857823729105e-04
8.482737572253905463e-04
8.442036205200889468e-04
8.432146378379449039e-04
8.425882655719701400e-04
8.394726709582913836e-04
8.382982311188874993e-04
8.375565690627482466e-04
8.349583024946484813e-04
8.328570557695405682e-04
8.323934255489132301e-04
8.304084200936597644e-04
8.285469663191560863e-04
8.269737063732248306e-04
8.249162629043978786e-04
8.231531264955233365e-04
8.226757546857736518e-04
8.206882984242598860e-04
8.191961138696022323e-04
8.183649276316565203e-04
8.164698685811518867e-04
8.135540128139809660e-04
8.116066877266476381e-04
8.103256109809433335e-04
8.084883766677196945e-04
8.069457323116076145e-04
8.064324247599829847e-04
8.047167158858925832e-04
8.043217917448804719e-04
8.024249766169458831e-04
8.004395991766648927e-04
7.983284307203600445e-04
7.975921888772374889e-04
7.966795864864986958e-04
7.942555688582333094e-04
7.934208170403621004e-04
7.911732577543737757e-04
7.907512536287463877e-04
7.888281572810575256e-04
7.858662748824155227e-04
7.840706146348752148e-04
7.831762844106378470e-04
7.827656282292000433e-04
7.819161321549893302e-04
7.800396591646266940e-04
7.772510681395305467e-04
7.759604617654701714e-04
7.740499338052880471e-04
7.738249395550630873e-04
7.717929069109544151e-04
7.709459778827816795e-04
7.697322764062419385e-04
7.675229561782958036e-04
7.663679456191585006e-04
7.657181164612519679e-04
7.654351373606618726e-04
7.629619992050980454e-04
7.625484323625819801e-04
7.620958829814415041e-04
7.608446501214847450e-04
7.594619173280861167e-04
7.586572449587397453e-04
7.577879195451911855e-04
7.556091618248858164e-04
7.543693252724043485e-04
7.533912754882735345e-04
7.522062672974588532e-04
7.513670091983919034e-04
7.507269941757149052e-04
7.487816325953760514e-04
7.472439174326813392e-04
7.458145691959840997e-04
7.441505335178999524e-04
7.440367684900055754e-04
7.420020216421415989e-04
7.403844520234557393e-04
7.395984984669628582e-04
7.388031576240847989e-04
7.375737164900932150e-04
7.355363122688759721e-04
7.349978219230751024e-04
7.341769240121142313e-04
7.340404242405422584e-04
7.325701708476360478e-04
7.316104670599870912e-04
7.302891609586692045e-04
7.296758305774292581e-04
7.288207087598928217e-04
7.279824089088381698e-04
7.262282680498997542e-04
7.255685386852679447e-04
7.251142020261137303e-04
7.237841982316286973e-04
7.233157542216046409e-04
7.229743688955004438e-04
7.217485881348526975e-04
7.210881378651215999e-04
7.188403104431467707e-04
7.173024741280380027e-04
7.169496581436749037e-04
7.161091783470799809e-04
7.159213283669280548e-04
7.149059458607591282e-04
7.136711136434620772e-04
7.112044716004601837e-04
7.098139536550855666e-04
7.087265756214074361e-04
7.082757498755135354e-04
7.072895366661356275e-04
7.059123628154665266e-04
7.057910792371757322e-04
7.042623535612222785e-04
7.030396217032267980e-04
7.017972906054349962e-04
7.008980493414604255e-04
7.007042763859999343e-04
6.995406736256603664e-04
6.988280464054993143e-04
6.978854907858089967e-04
6.969988900117617689e-04
6.959182951976458555e-04
6.949681420944375798e-04
6.944165601459611906e-04
6.929508328395779125e-04
6.914826606687586238e-04
6.911543895712049697e-04
6.889256182087045597e-04
6.887134101849995502e-04
6.884170779184590984e-04
6.871671564254390376e-04
6.866864114126675425e-04
6.851516952382438741e-04
6.840855369532949449e-04
6.832612262358492847e-04
6.830583755737391601e-04
6.816243145179550064e-04
6.808491404483411891e-04
6.805638962250992567e-04
6.795062158841017963e-04
6.788868872624064139e-04
6.776519444393925033e-04
6.771058618082188667e-04
6.766535783827174128e-04
6.754391245046345842e-04
6.743471478706680212e-04
6.733607566738505478e-04
6.721739751010068599e-04
6.714092349272058171e-04
6.703568491037183164e-04
6.696631346759031626e-04
6.685170316581196849e-04
6.678370247643413034e-04
6.675959062471530526e-04
6.669633872981770538e-04
6.659394121793325979e-04
6.652219333298593816e-04
6.644463170398050679e-04
6.635376549623947171e-04
6.620792658956941223e-04
6.609817256184088302e-04
6.600245834734501599e-04
6.596342281408225112e-04
6.595036429346682640e-04
6.579924034385885648e-04
6.576485135282942587e-04
6.569782960528111832e-04
6.563609997228817732e-04
6.556230540485333703e-04
6.543285576067861846e-04
6.538317160151552697e-04
6.523882773911125234e-04
6.517766905857236585e-04
6.511953728086739349e-04
6.498363362634101189e-04
6.492054136846513428e-04
6.475025340138910448e-04
6.471614072438376577e-04
6.464974714757596927e-04
6.461042635323702892e-04
6.452276585429040810e-04
6.443798836967978578e-04
6.438862294105439279e-04
6.433496504295006064e-04
6.422568015950435010e-04
6.414694029494398542e-04
6.394371189792994728e-04
6.388502880521994406e-04
6.380211164013802972e-04
6.373677719614595028e-04
6.367778266319373175e-04
6.359619572913083893e-04
6.354283562407228494e-04
6.348201852545695212e-04
6.339929004791513114e-04
6.337376931847990514e-04
6.336107278992987243e-04
6.328499394157863700e-04
6.311710751916169626e-04
6.300450064935749677e-04
6.297543716694808382e-04
6.288785167053248266e-04
6.286715240114750794e-04
6.281445370134696848e-04
6.273408968610244595e-04
6.265143460043983087e-04
6.254167674302211002e-04
6.251925565032000762e-04
6.248622046221379272e-04
6.237114862351693075e-04
6.229890465915161350e-04
6.221970099604681118e-04
6.215742272445507139e-04
6.202921610999922227e-04
6.199333945717306780e-04
6.191465168633720866e-04
6.186212448205311151e-04
6.178567624044845573e-04
6.163402142511098525e-04
6.162299290958081401e-04
6.152131790286268637e-04
6.145524103220059535e-04
6.143528180843843903e-04
6.134755153778110020e-04
6.128570639575112340e-04
6.121421374517774803e-04
6.115086057125102871e-04
6.111663693694253550e-04
6.106361526637607692e-04
6.096226286583840154e-04
6.091799261897079933e-04
6.083869126230492200e-04
6.075878942840551560e-04
6.071049135229132599e-04
6.053748910410358718e-04
6.045675478736305510e-04
6.040363421012600416e-04
6.035464944285135911e-04
6.034222701001791447e-04
6.028031045052145492e-04
6.023285448198563950e-04
6.014922052384096213e-04
6.009640569992907595e-04
6.005783053788282854e-04
5.999255568736614006e-04
5.998121724968104784e-04
5.985721100786813194e-04
5.980147488710427705e-04
5.971202445968209083e-04
5.969652027411778781e-04
5.958770215677205648e-04
5.955196423860728040e-04
5.949562960410737086e-04
5.947323312557732970e-04
5.943593091742424474e-04
5.935483155278375306e-04
5.925716834504101598e-04
5.918258020190703302e-04
5.916020345571273336e-04
5.910602557624126821e-04
5.903833582296673810e-04
5.898968465192844842e-04
5.897334691697550752e-04
5.887997022672121408e-04
5.877406303880390852e-04
5.866792117622508535e-04
5.864379265968804782e-04
5.859060889928578665e-04
5.848203036388304431e-04
5.836496040006767258e-04
5.833743288619217459e-04
5.822519012272691285e-04
5.818721609840972432e-04
5.814307690358028885e-04
5.806656097100971461e-04
5.795607996690548382e-04
5.793675312001523442e-04
5.782700117814268317e-04
5.769711485806912777e-04
5.769060534651793007e-04
5.758222380404576018e-04
5.749891556228690090e-04
5.742248130086181337e-04
5.737070528470696170e-04
5.730278958649706817e-04
5.724835155088606837e-04
5.722693514715091563e-04
5.721803135344342419e-04
5.706294382799450117e-04
5.697285700184760281e-04
5.690906219011493536e-04
5.687140015414656347e-04
5.682758737092980829e-04
5.670186401920458306e-04
5.667610712602968613e-04
5.658243045904883927e-04
5.653040141854331901e-04
5.645615853461050191e-04
5.642044209828164314e-04
5.635582839189409027e-04
5.634112307482907990e-04
5.621764618906688934e-04
5.619458424108624223e-04
5.612983148250494988e-04
5.602104094278019964e-04
5.593780154448825927e-04
5.590713781178081833e-04
5.583405481864502778e-04
5.580432855087007031e-04
5.567407763337124975e-04
5.562745902970171524e-04
5.556159852646270179e-04
5.552112842641304712e-04
5.541535441817175287e-04
5.531139428453521814e-04
5.529583882541079954e-04
5.523957986984211069e-04
5.522553468673866784e-04
5.515486750167122431e-04
5.510756664471545612e-04
5.506140892976773768e-04
5.493516558955105445e-04
5.484589151946899291e-04
5.481495659370338351e-04
5.477458626181623200e-04
5.475973348566286810e-04
5.468516600691237075e-04
5.461440290003308174e-04
5.455112972659475774e-04
5.444907213967322942e-04
5.433861314337539404e-04
5.427853375213349384e-04
5.423660827600796774e-04
5.417381776720123525e-04
5.410049005753998297e-04
5.404256130621571145e-04
5.399372601679425189e-04
5.392597598275174686e-04
5.386716305538341966e-04
5.380868468623848083e-04
5.369650965969446693e-04
5.368493857069434310e-04
5.361140443299090711e-04
5.358477717355364725e-04
5.345081955616304194e-04
5.341156624617539013e-04
5.332468523875944508e-04
5.329864092266260516e-04
5.324087643127862948e-04
5.309964959329834238e-04
5.303621901965213355e-04
5.299782443800155323e-04
5.294665843647190784e-04
5.291182999540553801e-04
5.282661163801352384e-04
5.275869211526886590e-04
5.268191574862941731e-04
5.266023790088556963e-04
5.257384096784326576e-04
5.251170437428470932e-04
5.243936513617920370e-04
5.235855241989349328e-04
5.228913854837197520e-04
5.226144545742590066e-04
5.221368188864628467e-04
5.218902756763693250e-04
5.213779958456155571e-04
5.209829494139940577e-04
5.200924978453622593e-04
5.189681022379697946e-04
5.185594083412610120e-04
5.185325450433175961e-04
5.168140113111944827e-04
5.162266603321714843e-04
5.158092464408892824e-04
5.147144299877648953e-04
5.143044987729807494e-04
5.142043657212786584e-04
5.139560405806955796e-04
5.125573335640299863e-04
5.123249966809467412e-04
5.121227081336252518e-04
5.116415595942144616e-04
5.109797617397110773e-04
5.099618523613587591e-04
5.094860521068695670e-04
5.089015991390772979e-04
5.082203245778042864e-04
5.078378372078076611e-04
5.075310878775847424e-04
5.068313267934874662e-04
5.062159578287805549e-04
5.057074404447349254e-04
5.053600528811382159e-04
5.043514128478865160e-04
5.039476001070137016e-04
5.037318408224459492e-04
5.032467340701706968e-04
5.022568533134158823e-04
5.022204959847235061e-04
5.016140960244320568e-04
5.011951261581834701e-04
5.001652056748354591e-04
4.995308006693050364e-04
4.993230468994886090e-04
4.989753087799743804e-04
4.984237588895564560e-04
4.979074524214776839e-04
4.971275569711111446e-04
4.970329135324123761e-04
4.964604217530087108e-04
4.952800025487251890e-04
4.945076709970613405e-04
4.944033226463625651e-04
4.937309244724603398e-04
4.935765166775215327e-04
4.932188962397623293e-04
4.925243583598930188e-04
4.912526813869980049e-04
4.907680636885362576e-04
4.906019504839169562e-04
4.899484991096261658e-04
4.895651864550736769e-04
4.887894330956077697e-04
4.883750688277145634e-04
4.881204344277354119e-04
4.876061557531757309e-04
4.869518035981269593e-04
4.861140095553348234e-04
4.857216167641178529e-04
4.856560274468041611e-04
4.853890594816505323e-04
4.848242191562170101e-04
4.846183781643326129e-04
4.840761845599510400e-04
4.832522971184399730e-04
4.829122117334032718e-04
4.819678860380100806e-04
4.814498283944935769e-04
4.809151771797744320e-04
4.806373429118344660e-04
4.800110739984464990e-04
4.791670070531239421e-04
4.786550950962165226e-04
4.780787621474526239e-04
4.776120113295289293e-04
4.771385272323752148e-04
4.766096285075876256e-04
4.757272103833432410e-04
4.751207268945573949e-04
4.747253642140999660e-04
4.746215133334360831e-04
4.741704084999610663e-04
4.738260854790607868e-04
4.726099004783562967e-04
4.720871094858882324e-04
4.717099184960659949e-04
4.707285527164993696e-04
4.703182696647174822e-04
4.698073529227293267e-04
4.695296636125426810e-04
4.692624188218793256e-04
4.686027675742706201e-04
4.682374740416968837e-04
4.675172264366209487e-04
4.673585636883041705e-04
4.667213216521140886e-04
4.664546217001778192e-04
4.660632103548030341e-04
4.654810666501323644e-04
4.648788987810475288e-04
4.641831992034320810e-04
4.639713608492355632e-04
4.634689370443170601e-04
4.633352871077294041e-04
4.632286776636279483e-04
4.625887780877708600e-04
4.620271159894365882e-04
4.618028694202483408e-04
4.612074293125200948e-04
4.608344077893765660e-04
4.601564664942601351e-04
4.592950320297892750e-04
4.590744407291179308e-04
4.586818229932418693e-04
4.584732817885370433e-04
4.578083780988522812e-04
4.570515892339647741e-04
4.567346628803536164e-04
4.564997711456186282e-04
4.557459124770189872e-04
4.554594508397132361e-04
4.551662696346895341e-04
4.549191957933576818e-04
4.538636274558094656e-04
4.536239997341078934e-04
4.533402796474342170e-04
4.532522037278870620e-04
4.529418777654490289e-04
4.526727129837925488e-04
4.522520701404669947e-04
4.515522777799284835e-04
4.512974164304286865e-04
4.508341163059976023e-04
4.498941974227953959e-04
4.497310430809190753e-04
4.493210051893651354e-04
4.489288742437834543e-04
4.482643304812184305e-04
4.479363891853030866e-04
4.474834956520124733e-04
4.468891237415271262e-04
4.468443440254681672e-04
4.462349101065088701e-04
4.458817175208984050e-04
4.451033029264065853e-04
4.448382808179602199e-04
4.446343094110127197e-04
4.445999349463520579e-04
4.440140785285860399e-04
4.437279825866882721e-04
4.430936513392856016e-04
4.424036133315857816e-04
4.422097334584442017e-04
4.422021163161698500e-04
4.419668521682941715e-04
4.411434393206506736e-04
4.407709347781696343e-04
4.400274713429997396e-04
4.398100993821499761e-04
4.393936758310049281e-04
4.391766753583534947e-04
4.385745603194438980e-04
4.382188300757438562e-04
4.377859611331436107e-04
4.375192353504490732e-04
4.367422014000012231e-04
4.360852662658363209e-04
4.360166871812203547e-04
4.350309218082104253e-04
4.346133647446845773e-04
4.345199199110790248e-04
4.340804038709074656e-04
4.336065711480906366e-04
4.333822756583373078e-04
4.328098676308009003e-04
4.323460990451914385e-04
4.317940471501180585e-04
4.315452242089071666e-04
4.313083756795641562e-04
4.308994447121063283e-04
4.306779681336458119e-04
4.301206619251768154e-04
4.295940768338304700e-04
4.295020636041034924e-04
4.285395394562949807e-04
4.284055035222516464e-04
4.280732984771771707e-04
4.277531470792470653e-04
4.271425548659613753e-04
4.268309113893967903e-04
4.264262577864380696e-04
4.256718450177596202e-04
4.254045341018981743e-04
4.251372137535831038e-04
4.249573336753766127e-04
4.241480766050803575e-04
4.239662749219797800e-04
4.231873608943364411e-04
4.230661906103610364e-04
4.222313690969018763e-04
4.210156053405811078e-04
4.208989998764087821e-04
4.206404536445765047e-04
4.203450014128276742e-04
4.199003535041751119e-04
4.195014179214059990e-04
4.188703161257423431e-04
4.188126928916586144e-04
4.185587787445701037e-04
4.183134955803939604e-04
4.174231132182578395e-04
4.168327678986458304e-04
4.166680324257997594e-04
4.163962355314058234e-04
4.159192264646705299e-04
4.156091365304268276e-04
4.150302861662865652e-04
4.149030568225244367e-04
4.142219330016637651e-04
4.139583628981494882e-04
4.137433840679691048e-04
4.130212054885073559e-04
4.128716701459274503e-04
4.123546125701877470e-04
4.118410499177969225e-04
4.117751593461683882e-04
4.114644951106907842e-04
4.109671822135304892e-04
4.103239818873295080e-04
4.097187834976972185e-04
4.094647859010939399e-04
4.090465635667470752e-04
4.083384340042215646e-04
4.080901972393377684e-04
4.073017586434013503e-04
4.071600224001992066e-04
4.069166446452462602e-04
4.065022391824569268e-04
4.063082384245400667e-04
4.060239306415189113e-04
4.052260825841466196e-04
4.050139166456220570e-04
4.048474965094458165e-04
4.042269631108829178e-04
4.038593641173748795e-04
4.037321902583359580e-04
4.031607434965432581e-04
4.029113065270239157e-04
4.025960919511007785e-04
4.016686152711679346e-04
4.010259978093219874e-04
4.008613731820832404e-04
4.005033638975425488e-04
3.996201578087371056e-04
3.993463293411873187e-04
3.990119572760824100e-04
3.986482954637043203e-04
3.980628421568639099e-04
3.978058595866931020e-04
3.973426867644318000e-04
3.971038067511180000e-04
3.968839339075774667e-04
3.963095273229688903e-04
3.957832495488104100e-04
3.952790837990411733e-04
3.951993648239380901e-04
3.945418083635193946e-04
3.942214445368645050e-04
3.940914222805791617e-04
3.934952334065595415e-04
3.929228962942927215e-04
3.926691763292380530e-04
3.925132556268145167e-04
3.920493408956804990e-04
3.914018214559784772e-04
3.913214728783287553e-04
3.911204965928287707e-04
3.908451425226253367e-04
3.903441489639393708e-04
3.897673659345532861e-04
3.895512600311018189e-04
3.893566327379336528e-04
3.888830256595038966e-04
3.885847605314420548e-04
3.882073813952372290e-04
3.878830019886283912e-04
3.868806792363977407e-04
3.865102559369085590e-04
3.863905412732255326e-04
3.855779289574891235e-04
3.854940645092274471e-04
3.850311015711186291e-04
3.843197178770489750e-04
3.842191535804703783e-04
3.836864770696521735e-04
3.833317174397634069e-04
3.831462548810429282e-04
3.827207419010342812e-04
3.818362470911014126e-04
3.813590507937516432e-04
3.808287045463192824e-04
3.805811765636978603e-04
3.799615327942448156e-04
3.796604021174970495e-04
3.793272070029055348e-04
3.791229297703498698e-04
3.790556958595744930e-04
3.787551004886073863e-04
3.786622315962441770e-04
3.778203025133746590e-04
3.777470106658622909e-04
3.775945512725810546e-04
3.770636952745756157e-04
3.764690953338493658e-04
3.760450642037019612e-04
3.756883869103022438e-04
3.749239283826870123e-04
3.745954745893789457e-04
3.739130236348299019e-04
3.738103449206047466e-04
3.735732022368678596e-04
3.733895930810058683e-04
3.730722288055996383e-04
3.728055119117824738e-04
3.725136180453861258e-04
3.718578705956955923e-04
3.716194373268874931e-04
3.712917877677428496e-04
3.708751461142485240e-04
3.705671232880641429e-04
3.697137974978374373e-04
3.694350725994878797e-04
3.691654701463209292e-04
3.688833231399167058e-04
3.688149026744113701e-04
3.682797626797773539e-04
3.676778471700161690e-04
3.674099319976753975e-04
3.671752967764467003e-04
3.666631533593722216e-04
3.664152212729993073e-04
3.659419050756201885e-04
3.657646397614470286e-04
3.655451672328836801e-04
3.652041615782101710e-04
3.646350189600700399e-04
3.644868427681282534e-04
3.640203501191284063e-04
3.639698674595827463e-04
3.631356697154928051e-04
3.629209430193655324e-04
3.628285480716278931e-04
3.623533387033176087e-04
3.621831564687764374e-04
3.615209553466028195e-04
3.613417320226420420e-04
3.609038837008891410e-04
3.607329133464381413e-04
3.604845546190895323e-04
3.602008734976265255e-04
3.597574219428610132e-04
3.593896951570732328e-04
3.591090809256495707e-04
3.584683259119747327e-04
3.582375937750284598e-04
3.580249943562183765e-04
3.576969764487167628e-04
3.573622530120895897e-04
3.571970327748822164e-04
3.568647630036362152e-04
3.565383732857802641e-04
3.562536432125568446e-04
3.562048213982535526e-04
3.556144517458338563e-04
3.548779759358244748e-04
3.547657491401674844e-04
3.544004117260941313e-04
3.540973238364815510e-04
3.539635257239174149e-04
3.533155281298277811e-04
3.528276816424771650e-04
3.523325877786635915e-04
3.520061193117302858e-04
3.517488155539326357e-04
3.512987458609479786e-04
3.511663995813057927e-04
3.507386149373311604e-04
3.503822128616391703e-04
3.503638628254514601e-04
3.499780397552037701e-04
3.496298358372014361e-04
3.493834274822860998e-04
3.492980270899067631e-04
3.486511635404032313e-04
3.485140479753717942e-04
3.481512769084679922e-04
3.479675563874803836e-04
3.473278036973526236e-04
3.471289499246935800e-04
3.469315582071653080e-04
3.468192930960191356e-04
3.463184246477964460e-04
3.456732343689973086e-04
3.456272239513871552e-04
3.453472718230215827e-04
3.451025260852281866e-04
3.444198824824536999e-04
3.440882662102331003e-04
3.439115130512749880e-04
3.437834487245775808e-04
3.435405786542770359e-04
3.430203687264163489e-04
3.428762909060107484e-04
3.421967317998866540e-04
3.420199419476594046e-04
3.413704575659902169e-04
3.411787688690746142e-04
3.409546827285182802e-04
3.405044239767750116e-04
3.404055222703860142e-04
3.400137134497021067e-04
3.398398725210399936e-04
3.394421319853912242e-04
3.387973741025371451e-04
3.386679794685076720e-04
3.382174340982660454e-04
3.380318462107083604e-04
3.377250987593147279e-04
3.374736950715799088e-04
3.373979599699854161e-04
3.367029464932782060e-04
3.363360928123311304e-04
3.361237942545091339e-04
3.359630930656553834e-04
3.355221475417869922e-04
3.351734953499497767e-04
3.349323850453374361e-04
3.346583526425111056e-04
3.345820386229556801e-04
3.341042842524388594e-04
3.337228505011212453e-04
3.332843063368274216e-04
3.328244766612395694e-04
3.325943328592920168e-04
3.325891204528726077e-04
3.318197128797522612e-04
3.316888426173689045e-04
3.314012043293165354e-04
3.310046096558350156e-04
3.305019548998695974e-04
3.303307849009864267e-04
3.301207292127899141e-04
3.297983862406536257e-04
3.294566503563413698e-04
3.290591019625465686e-04
3.287853472828837693e-04
3.285958867920037553e-04
3.285423501240014870e-04
3.279074780407250094e-04
3.277146813376832671e-04
3.271947269177175326e-04
3.270199759167229841e-04
3.267808638107636259e-04
3.264069991522365382e-04
3.263279993219122838e-04
3.259812965002248527e-04
3.254917982695736166e-04
3.253092171342345548e-04
3.248798775612205545e-04
3.247750381706282453e-04
3.242429019129638859e-04
3.239711389656126637e-04
3.237020464458707889e-04
3.234615962296029466e-04
3.231803382285171940e-04
3.227845924820864007e-04
3.225684362474158149e-04
3.222407922689408326e-04
3.218371676101585560e-04
3.211795129011899941e-04
3.210620216655650093e-04
3.209318520368914475e-04
3.205890374797004173e-04
3.201290713091487958e-04
3.198553257552350353e-04
3.195672798744424539e-04
3.194512837502221049e-04
3.191754098410865708e-04
3.189775392194700923e-04
3.186837097808284023e-04
3.183944615954727294e-04
3.180939732938513624e-04
3.175663365897300207e-04
3.173078560617394162e-04
3.171426054191246301e-04
3.167265534950150963e-04
3.163222560467756988e-04
3.160821236498206617e-04
3.158426443309767461e-04
3.154197914740658622e-04
3.151654857610832763e-04
3.150501181631560049e-04
3.144450848752774357e-04
3.142285629037581659e-04
3.137499346060357319e-04
3.133312716659299038e-04
3.129028438510829705e-04
3.125893227210371208e-04
3.124767219650108406e-04
3.121831913759028120e-04
3.117942687756115796e-04
3.113844123085795839e-04
3.113725625259002906e-04
3.111501041613503357e-04
3.107308192001115017e-04
3.101981362789484400e-04
3.100677750319184422e-04
3.096948582076335457e-04
3.092206533548960885e-04
3.091316151942122281e-04
3.088299784817823005e-04
3.087793344492675081e-04
3.083317245840961327e-04
3.081286641474020199e-04
3.077736771558598774e-04
3.075919674677823359e-04
3.072619392976731951e-04
3.065973496661445960e-04
3.061717161202259915e-04
3.058820639620713129e-04
3.057632272349152577e-04
3.053552612168997202e-04
3.050619764969889265e-04
3.049320507694251768e-04
3.047549032747984537e-04
3.039789550818872707e-04
3.036928804832000678e-04
3.033565568925967212e-04
3.030103777309952869e-04
3.027282189010162294e-04
3.023435256803766718e-04
3.020543315271466693e-04
3.019566038123186469e-04
3.017546327208868581e-04
3.014280150161498511e-04
3.012205592410496205e-04
3.009484969790585931e-04
3.004368089526686944e-04
3.003092851923496224e-04
3.000397511404300117e-04
2.999566698073859736e-04
2.998051564540439953e-04
2.995573900413134208e-04
2.991308115382428469e-04
2.988327683577456616e-04
2.987185379220531553e-04
2.982158318451047919e-04
2.979304971955438661e-04
2.977680453265229839e-04
2.973279530664360007e-04
2.971900398987300639e-04
2.969758520495931480e-04
2.965376362420704594e-04
2.964644809697164463e-04
2.960588345435396650e-04
2.959332510437303059e-04
2.955524896592034620e-04
2.950494666182554011e-04
2.948122257702502419e-04
2.946727222309355391e-04
2.941858587662130649e-04
2.940127682787924894e-04
2.937487830472067002e-04
2.936065291344620160e-04
2.932419746382133093e-04
2.929210108763550158e-04
2.925766215123674083e-04
2.923989033061927321e-04
2.920109027672945583e-04
2.918835414039993204e-04
2.916789037575865306e-04
2.912823094881246563e-04
2.912462916318984225e-04
2.911678650753006178e-04
2.907706096764544322e-04
2.905018611322286509e-04
2.904072961730180358e-04
2.901503260111717043e-04
2.898539385984683341e-04
2.896878085636842752e-04
2.892146938515688511e-04
2.890411867345725472e-04
2.884030638738858455e-04
2.883849043691891103e-04
2.880369826800116681e-04
2.877321343103755001e-04
2.875660728751734565e-04
2.871083418715258831e-04
2.869825733597719574e-04
2.868918111826136491e-04
2.863665515809469620e-04
2.862463797865360789e-04
2.862192196157822030e-04
2.860051733422370318e-04
2.854248954082642953e-04
2.849686121092311671e-04
2.848718007398484686e-04
2.848021149592191341e-04
2.843309149409633347e-04
2.842371555469317356e-04
2.840406272563635471e-04
2.836438006964750328e-04
2.833295212226936109e-04
2.831701913916956381e-04
2.827581510002318281e-04
2.825830632304767776e-04
2.824416558494432508e-04
2.823890109073565300e-04
2.821162698776337571e-04
2.818479888761376596e-04
2.815469645231947430e-04
2.811519977080299002e-04
2.810634122384751969e-04
2.808476838951322872e-04
2.805753625219865812e-04
2.804028110530285738e-04
2.802744024462634959e-04
2.797069584195107554e-04
2.796488049401957862e-04
2.792437370850779058e-04
2.790133783140934785e-04
2.789414996590850468e-04
2.785864563493541850e-04
2.783939477492185580e-04
2.780602048579677247e-04
2.779897328193426135e-04
2.777085233027978958e-04
2.776182978309888589e-04
2.773309268025424832e-04
2.768753317228617389e-04
2.765464593069875900e-04
2.763257226320693172e-04
2.762437951649709955e-04
2.758700146247194040e-04
2.757778354837388322e-04
2.755332818729471357e-04
2.752551633936475904e-04
2.748217117189445929e-04
2.746973689219802208e-04
2.745618545593905791e-04
2.744629185834441209e-04
2.741844633091475737e-04
2.737806531321709032e-04
2.736696903538351718e-04
2.734124090695527038e-04
2.732175893301150055e-04
2.726252919226701456e-04
2.725580111588330281e-04
2.723842913691739320e-04
2.722789237565030238e-04
2.719201172702749103e-04
2.717477711358978927e-04
2.716373101945274279e-04
2.713095676683144959e-04
2.709927748128633474e-04
2.707479329973391108e-04
2.704090024324570058e-04
2.702771194372024523e-04
2.699340565818658146e-04
2.698005817886689971e-04
2.695489438996425172e-04
2.694330273469649367e-04
2.692570893925420481e-04
2.690917395000329889e-04
2.687844666297182572e-04
2.684252004762230576e-04
2.681306222098800234e-04
2.679475307454876943e-04
2.676351283914183278e-04
2.674181617040824227e-04
2.672291582241529220e-04
2.669741562474981845e-04
2.666027286378151837e-04
2.664170039470896922e-04
2.663709724200013325e-04
2.661325271122459203e-04
2.658832714963871822e-04
2.655734661328752592e-04
2.652334597135115883e-04
2.650702771339204754e-04
2.647326920088742476e-04
2.646166461098691815e-04
2.643698211743198160e-04
2.643644217722206156e-04
2.640070916762321659e-04
2.637130791418565347e-04
2.635048501419223711e-04
2.631282582413524071e-04
2.629534340816674898e-04
2.627784223327196559e-04
2.622593970780363968e-04
2.619823982965657728e-04
2.618632176641808246e-04
2.617257067133453748e-04
2.613788016118327837e-04
2.611549028195925097e-04
2.608390168510484573e-04
2.605850271256935908e-04
2.604851536872207431e-04
2.602872087052118008e-04
2.601565272178363850e-04
2.598585234414094842e-04
2.595718794027793283e-04
2.592918217377988268e-04
2.591173675839009865e-04
2.590324858063841303e-04
2.588038469094735899e-04
2.584629852751963298e-04
2.582913352989173856e-04
2.579652420088518971e-04
2.575884269235091868e-04
2.572864960936880642e-04
2.571493323134971688e-04
2.567717171054934066e-04
2.565482732767349516e-04
2.562334590476448106e-04
2.559251329951104758e-04
2.556954340982944308e-04
2.555708059529070001e-04
2.553993075204646717e-04
2.551784969822078848e-04
2.550818814083052216e-04
2.548588097129584717e-04
2.546129686590131161e-04
2.544251172186952716e-04
2.542632584534015448e-04
2.541223016643544838e-04
2.537838417669373964e-04
2.536890912354062503e-04
2.535237082677612450e-04
2.531566090734541476e-04
2.529549758929190511e-04
2.527303381845856425e-04
2.526441982300640932e-04
2.521170620914344775e-04
2.520297430474548596e-04
2.519355982447283389e-04
2.517440254143818424e-04
2.515957618349553833e-04
2.511348115070860011e-04
2.509510114870751427e-04
2.507851229911393053e-04
2.505221834514687355e-04
2.503419400385323746e-04
2.502713281884545921e-04
2.499874652921685813e-04
2.496932336107474961e-04
2.492837358188848725e-04
2.491109124320505202e-04
2.490043412378799563e-04
2.487984781675721597e-04
2.483774956670071511e-04
2.482191951572432199e-04
2.478297324873229412e-04
2.477934525573576409e-04
2.475571836023077567e-04
2.475473275555336206e-04
2.472541451517480714e-04
2.470142180360055274e-04
2.469042590414102225e-04
2.465135509625940324e-04
2.464077463396008262e-04
2.458396548313873859e-04
2.456936495737416454e-04
2.455946501431952142e-04
2.452130211402625938e-04
2.450666847434635918e-04
2.448825125897423848e-04
2.447110292141923128e-04
2.443519289313041305e-04
2.441838112434572606e-04
2.438794360340731742e-04
2.438163884679098831e-04
2.437900391594308744e-04
2.434657818315072778e-04
2.433468738935948554e-04
2.430988100596853413e-04
2.429893686711293921e-04
2.428782318689632670e-04
2.427080116926746685e-04
2.423774826993006423e-04
2.420394779249142076e-04
2.416946173060874120e-04
2.415061502812589555e-04
2.412788939852618115e-04
2.411598072321175347e-04
2.410025476236605374e-04
2.406354757504097460e-04
2.404504044185509922e-04
2.402647452665874995e-04
2.401052642647978760e-04
2.396038507136717785e-04
2.392351152681971638e-04
2.391808290853064548e-04
2.388885432810107620e-04
2.388252864062876204e-04
2.385182664850072471e-04
2.383560313608478441e-04
2.381608503058698062e-04
2.378178143158561500e-04
2.377731599390852930e-04
2.374987876961033259e-04
2.374469409379664211e-04
2.372727844984923054e-04
2.367776248030987443e-04
2.367298142793865159e-04
2.364865670775896374e-04
2.362790058157318129e-04
2.360944592610674420e-04
2.357528240297138914e-04
2.356122028976398040e-04
2.353373701414291578e-04
2.350688707709748906e-04
2.347950685587496240e-04
2.347115556912077259e-04
2.342218111109061482e-04
2.341897813081272623e-04
2.338824711262688105e-04
2.337811427309327756e-04
2.337154819053160614e-04
2.335677802870234250e-04
2.334323077350955683e-04
2.332383187599265542e-04
2.330543653979055721e-04
2.326101328586270241e-04
2.324671917863919794e-04
2.321528043710942367e-04
2.318831876741237212e-04
2.317437738033039242e-04
2.314215206815421180e-04
2.311101620817170000e-04
2.308958053576734039e-04
2.308120092554909306e-04
2.307388902307674927e-04
2.305232633076531080e-04
2.303579444462327988e-04
2.299903806470276091e-04
2.299132310811785986e-04
2.296130452660884158e-04
2.295124088048907036e-04
2.293124079788371990e-04
2.290370462781772499e-04
2.288713413185170539e-04
2.285611787697872587e-04
2.284256205342311051e-04
2.284150647583599845e-04
2.279487811083121527e-04
2.278717827053964684e-04
2.276016615988043243e-04
2.274299199840345035e-04
2.270717522231342539e-04
2.269450559572474787e-04
2.267742011190274456e-04
2.267584460746316865e-04
2.262099445207552844e-04
2.261312665449426325e-04
2.256226414876214069e-04
2.254271418455637728e-04
2.252611379865546474e-04
2.250837372269921810e-04
2.250411759313608042e-04
2.247759559942156496e-04
2.245372237645392279e-04
2.243912321565016239e-04
2.241880931348879335e-04
2.240689441203525185e-04
2.235666187479208675e-04
2.233606653796975231e-04
2.231612304146098232e-04
2.229175952285654860e-04
2.227908127542415663e-04
2.225904498915858671e-04
2.224225385449598268e-04
2.223047036649147660e-04
2.219522164385252566e-04
2.218688844202173843e-04
2.217500466727114546e-04
2.214252880843969428e-04
2.212354207747569074e-04
2.211528475379123963e-04
2.206550088406793490e-04
2.204496843175461813e-04
2.203302575292464356e-04
2.202294706443339522e-04
2.201299394638383806e-04
2.195980364553575795e-04
2.194114631658972950e-04
2.193394626058020082e-04
2.190792260924687292e-04
2.189512563220145285e-04
2.187225587214984264e-04
2.185975350261316419e-04
2.180129847435636147e-04
2.179051498887991077e-04
2.177505870876701255e-04
2.176620367812846194e-04
2.174537718359487442e-04
2.172569914748542113e-04
2.169742921870930290e-04
2.168450347470035481e-04
2.165912396326400118e-04
2.164244563237853448e-04
2.162251634924335509e-04
2.158766444715938667e-04
2.155077570284595135e-04
2.153965620377421345e-04
2.151930640545643306e-04
2.150464374641547862e-04
2.148696266346119762e-04
2.147454256607960984e-04
2.145414729832716128e-04
2.142255808804833248e-04
2.140254623499009438e-04
2.139150899460843679e-04
2.136566668230447275e-04
2.135070334691248925e-04
2.132762318961100168e-04
2.130700042154162017e-04
2.130001432098763852e-04
2.128330573119687017e-04
2.125259955149172485e-04
2.122215392933179967e-04
2.121574752577772601e-04
2.119362686373025596e-04
2.114910219272206305e-04
2.112339696250077148e-04
2.110648400890145044e-04
2.108687758045106543e-04
2.105379721826799880e-04
2.103061150575487499e-04
2.101190570576176489e-04
2.099462662122468255e-04
2.096885656504613685e-04
2.095300958611088810e-04
2.093193101645997257e-04
2.091613057532131111e-04
2.090304731807599784e-04
2.088842187731770384e-04
2.087304188010742395e-04
2.084970326002322531e-04
2.084781238281812753e-04
2.082416933302661791e-04
2.081142441915442842e-04
2.080008311395154072e-04
2.075733214894606899e-04
2.075161875433067409e-04
2.073683729253976860e-04
2.071905392007962357e-04
2.070059259274001156e-04
2.068219101427413282e-04
2.067205839485351424e-04
2.065253727260456577e-04
2.063168485725010387e-04
2.059731630630664146e-04
2.057508584822943538e-04
2.055812459173139738e-04
2.053599096145626373e-04
2.050841285608812775e-04
2.049028275568249039e-04
2.048813648950406348e-04
2.045059148465108105e-04
2.043890717290698113e-04
2.042737318669725030e-04
2.037263373681754363e-04
2.036034205012292504e-04
2.034766230100315456e-04
2.034181603464640757e-04
2.031271601392340895e-04
2.030672941846656677e-04
2.028862743538861486e-04
2.027204017252452837e-04
2.025573288235739389e-04
2.024233693128596142e-04
2.023601239712147031e-04
2.018964756396720369e-04
2.016656495465554190e-04
2.013317512419129571e-04
2.010121187033437912e-04
2.009061623288320886e-04
2.008454495364278363e-04
2.007199814113515735e-04
2.004247128863707753e-04
2.001467534697412207e-04
1.999348933834145829e-04
1.998517307908879493e-04
1.996942240850578445e-04
1.995885890016380721e-04
1.992935568650542764e-04
1.992191468123682703e-04
1.989002394277304458e-04
1.986439208957042045e-04
1.985462025996485847e-04
1.983577196922685067e-04
1.982286479865556078e-04
1.981296412854397491e-04
1.976561534520421899e-04
1.974639447153120992e-04
1.970773335744150354e-04
1.968598474130482006e-04
1.967753204686766867e-04
1.965771399177740342e-04
1.964758127547208298e-04
1.963412242615723347e-04
1.962882319973378192e-04
1.960674449153767759e-04
1.958359585668286937e-04
1.957148477700255029e-04
1.954343614050581420e-04
1.953679096244034981e-04
1.951074229441573992e-04
1.949965072387101152e-04
1.947752114572025826e-04
1.944777042351455423e-04
1.943422018437658398e-04
1.940145970647270078e-04
1.939218170752030990e-04
1.937274610015455689e-04
1.936250001132170024e-04
1.934554472269280816e-04
1.933807942144143632e-04
1.928604798745860789e-04
1.927123794423524510e-04
1.923782362484093651e-04
1.922564676915274843e-04
1.920138864412812649e-04
1.919620644133612308e-04
1.917268248873365785e-04
1.915556820767928240e-04
1.913262292955357556e-04
1.910626026347760195e-04
1.908499750624155630e-04
1.907214701364264855e-04
1.906302955700910355e-04
1.904449228964195050e-04
1.901832806888151186e-04
1.901055465490279425e-04
1.899407498184615939e-04
1.895419644556158956e-04
1.894491822211616979e-04
1.892240149436114690e-04
1.890593608336379734e-04
1.887827899920294713e-04
1.886667773590142757e-04
1.885755177097857564e-04
1.882276350418828883e-04
1.880699413483571112e-04
1.878988717030047372e-04
1.877298770722610416e-04
1.876544690733754003e-04
1.874522412920798839e-04
1.871868478868230011e-04
1.870322990186949579e-04
1.868451368384917003e-04
1.863769968261742903e-04
1.863114801205498835e-04
1.861058824714081710e-04
1.860578139438088076e-04
1.858192545881046575e-04
1.856570897471596158e-04
1.854846174918525737e-04
1.853296116698410529e-04
1.850221718819624846e-04
1.848767877725801024e-04
1.847296993241174807e-04
1.845952108038344209e-04
1.844484551995616175e-04
1.842707895390688312e-04
1.840672332992114091e-04
1.839313796483397546e-04
1.835390412827771699e-04
1.834162604147874110e-04
1.833226730262255751e-04
1.832535344084851585e-04
1.831170748796613656e-04
1.828583021550758518e-04
1.824767418723287793e-04
1.823922453297741801e-04
1.822515588153644523e-04
1.818321831359949383e-04
1.817494322400559873e-04
1.816572624435956902e-04
1.814151238303853822e-04
1.811418595918775287e-04
1.810005477584298770e-04
1.808527784511206309e-04
1.806283593346659510e-04
1.805768827906753863e-04
1.804774799057201303e-04
1.801193835817023860e-04
1.797159228350588001e-04
1.796954745418034285e-04
1.795547650280482712e-04
1.793413806837888976e-04
1.792003592808547605e-04
1.789007920858273868e-04
1.787993415216407951e-04
1.787092024865861051e-04
1.782383951233732801e-04
1.781502430971397424e-04
1.780742721603126950e-04
1.779529436211745995e-04
1.775958462937753026e-04
1.774575116393045237e-04
1.773319382123881779e-04
1.771940738929661389e-04
1.770458068121425366e-04
1.766089604124175907e-04
1.765310873252194104e-04
1.763086697020181453e-04
1.760377112680687841e-04
1.759805519019326081e-04
1.756128131215016204e-04
1.753984434584738574e-04
1.752542746706746727e-04
1.750412134940574412e-04
1.748189557446251847e-04
1.747018424860073151e-04
1.745538947415489794e-04
1.744417975891121391e-04
1.739636038565310638e-04
1.739368946923859020e-04
1.736844347686324584e-04
1.735453199564241679e-04
1.730718375280104965e-04
1.730203223199710540e-04
1.729517057903060733e-04
1.726505270804167696e-04
1.725689869575586265e-04
1.722416881003275104e-04
1.721063323918460032e-04
1.719788680762441191e-04
1.718424882333728513e-04
1.714427711376309126e-04
1.712114558681599233e-04
1.711269502178186421e-04
1.707850111980587144e-04
1.706655237101724711e-04
1.704628465435587448e-04
1.703866868930109134e-04
1.702913737759178907e-04
1.701758156427401461e-04
1.700803010048257174e-04
1.698578616677311279e-04
1.695979883041950833e-04
1.693621869597280224e-04
1.692123481628396962e-04
1.689180064200071561e-04
1.686313735586676471e-04
1.685835200887611561e-04
1.683852867132499924e-04
1.681614574390943937e-04
1.680410124717648989e-04
1.678216756938069685e-04
1.675829098849480892e-04
1.672192387285777312e-04
1.672033621083576945e-04
1.669609105831633021e-04
1.667504837589137742e-04
1.666722663225925661e-04
1.665622933276595340e-04
1.663917932640018762e-04
1.661036440961836339e-04
1.660397620912021702e-04
1.658743879875688217e-04
1.657846059030328352e-04
1.653880170132810930e-04
1.652422591807362680e-04
1.648920708087507419e-04
1.647886105268012288e-04
1.647386605830304901e-04
1.643815421274911028e-04
1.641782718474735540e-04
1.641376966254211572e-04
1.639059037139037832e-04
1.637404122668270146e-04
1.634752766236480085e-04
1.633656913958356086e-04
1.631797704148133020e-04
1.630789576573729029e-04
1.628925669858487994e-04
1.626447365515118221e-04
1.624237185301766824e-04
1.621534610371623357e-04
1.619326731088446976e-04
1.618450348810112531e-04
1.616680622742666196e-04
1.616133251748791964e-04
1.613672041617839569e-04
1.612665760943995854e-04
1.611399107756345472e-04
1.607442094670459944e-04
1.604871465040620389e-04
1.603843002971574896e-04
1.602257789207143103e-04
1.601828848512220032e-04
1.598348624871073699e-04
1.596018312003899217e-04
1.594630530069956445e-04
1.592352977347071441e-04
1.591524922275601678e-04
1.588650832174862376e-04
1.585783795388308228e-04
1.584990732404144536e-04
1.583467415937431927e-04
1.583302938800254956e-04
1.580853579988218596e-04
1.578853634928274415e-04
1.577852298295371507e-04
1.571642850554434982e-04
1.571077069829569036e-04
1.570565415937279631e-04
1.568648703742477122e-04
1.565755726816890961e-04
1.564265389954219807e-04
1.561531973734180589e-04
1.559626888104328406e-04
1.556739594082711699e-04
1.555874339689412129e-04
1.554487567794563549e-04
1.552958964610669289e-04
1.551419282406184274e-04
1.548578211038726640e-04
1.547048786781116093e-04
1.544578617673639188e-04
1.542235267226607577e-04
1.541670181280149342e-04
1.540851049861909506e-04
1.537769493084099296e-04
1.535285754298263176e-04
1.535019622374343511e-04
1.532560189393637740e-04
1.531109643886950167e-04
1.530296711273588476e-04
1.529240079660886464e-04
1.527395905525830069e-04
1.525111680015386287e-04
1.524554420728513782e-04
1.522650096983581985e-04
1.520580964818036391e-04
1.517582636866956266e-04
1.516457548321248675e-04
1.514941623805032595e-04
1.512926756403635631e-04
1.510835838030923659e-04
1.508771791871201646e-04
1.507070578243569891e-04
1.506036923201887752e-04
1.505106256481733996e-04
1.503990695273298378e-04
1.501408638443063853e-04
1.499783288877145270e-04
1.496757678094034517e-04
1.495134554435074146e-04
1.494013137564664882e-04
1.491406374774561833e-04
1.490388797177821193e-04
1.489892217097538065e-04
1.488869298773262998e-04
1.486156227350725464e-04
1.485710208222015588e-04
1.482712419946133982e-04
1.481955811340259107e-04
1.479437220976518989e-04
1.478613933809660931e-04
1.476516596384338815e-04
1.474541657065563745e-04
1.471946730601692986e-04
1.471209920641535515e-04
1.470065000641862757e-04
1.466928432607738958e-04
1.466325818369128525e-04
1.463734650793740630e-04
1.463033142197761463e-04
1.461488607982742104e-04
1.459665915926204366e-04
1.458343165579799024e-04
1.455255822599685117e-04
1.454892051452219928e-04
1.452935420222260994e-04
1.451977759022461927e-04
1.449089140750374385e-04
1.448313063550742802e-04
1.446596545036815836e-04
1.444942716903704265e-04
1.444140689577598209e-04
1.441200608555152029e-04
1.439107142862880993e-04
1.438025727542339635e-04
1.435640208221254871e-04
1.434126340136580499e-04
1.433276123532583560e-04
1.430442416033654281e-04
1.428034954808302690e-04
1.427490930735543821e-04
1.423616354759101217e-04
1.422742799359944833e-04
1.421672708884558819e-04
1.419949084480206895e-04
1.419292950876968476e-04
1.417983946498761738e-04
1.414838914315536824e-04
1.412628396477087463e-04
1.410543513411830028e-04
1.408865341731674293e-04
1.407634112199839481e-04
1.406645301447124248e-04
1.403285216671561165e-04
1.402813060376970772e-04
1.401821144706012724e-04
1.401442814805357168e-04
1.399993578522383466e-04
1.397165808951782748e-04
1.394897692869601080e-04
1.392251470091450199e-04
1.391659637913579604e-04
1.390143214030063084e-04
1.389033261353414517e-04
1.386110985225020784e-04
1.385490278416329614e-04
1.383721063344608992e-04
1.380827536622948820e-04
1.379071820075770526e-04
1.376762461069166261e-04
1.374975528590812032e-04
1.372145796943138234e-04
1.370284939907920416e-04
1.369373659366456572e-04
1.368273194932903677e-04
1.365656059345292817e-04
1.363850818127955141e-04
1.362599831972746917e-04
1.362172519029493736e-04
1.360347036954607809e-04
1.356979437763424488e-04
1.355671479189343828e-04
1.353566110779240168e-04
1.352460521518990906e-04
1.351467832532194952e-04
1.350420752351264367e-04
1.347531654635256008e-04
1.346366499523622923e-04
1.345119886172207210e-04
1.341160136220729941e-04
1.338615997803415606e-04
1.338177570982278838e-04
1.336959171108252165e-04
1.335365441831792756e-04
1.334579509661992802e-04
1.332028115126567859e-04
1.330463230402011154e-04
1.327808380124637154e-04
1.327271086453896869e-04
1.325779502917415252e-04
1.323429470173270533e-04
1.322201293269004033e-04
1.321154601032592621e-04
1.319115004573000768e-04
1.318966760726987455e-04
1.316585069543795092e-04
1.315566078595784125e-04
1.313160970170830890e-04
1.310221957815498061e-04
1.309781450388686295e-04
1.309126634238819750e-04
1.306395440318868081e-04
1.305046517424717954e-04
1.302515223113280421e-04
1.301597207798280739e-04
1.300093342167573730e-04
1.297505124558220359e-04
1.296115946769250157e-04
1.294102009161205694e-04
1.293785238155517592e-04
1.291277730739220832e-04
1.289213897914467000e-04
1.287598034602550521e-04
1.286093250394801282e-04
1.284944639860884758e-04
1.282699178307689081e-04
1.281102297937224805e-04
1.279680094655413118e-04
1.278736745792275202e-04
1.275700675650494212e-04
1.273535842987240678e-04
1.271310908735768651e-04
1.269793848973496881e-04
1.268143072486754180e-04
1.266598257815649490e-04
1.264858745476956747e-04
1.263387952878404746e-04
1.263194226680325533e-04
1.262135818434628341e-04
1.259894870295658628e-04
1.258666699319984435e-04
1.254951371882158829e-04
1.252792769037544877e-04
1.251372064150266911e-04
1.249750283768972560e-04
1.247705432987265232e-04
1.246493583020202747e-04
1.245123936781041300e-04
1.244530869712971439e-04
1.242238398455450439e-04
1.240828214298080121e-04
1.239323228156259747e-04
1.237402408076609256e-04
1.235718671290169464e-04
1.234462179688741344e-04
1.233067592114891423e-04
1.232268605509677405e-04
1.230052968550432652e-04
1.228247578941822832e-04
1.227472862378853997e-04
1.225756008960562048e-04
1.223617537099902833e-04
1.222205749035244228e-04
1.221351393121976781e-04
1.220420559868809653e-04
1.218055490377508679e-04
1.215654400612805935e-04
1.215136227783516755e-04
1.211145313863766661e-04
1.209814333626280629e-04
1.209142655645017463e-04
1.208030271010046970e-04
1.206547056844791413e-04
1.203515297269317397e-04
1.202057351444132586e-04
1.200110374827258804e-04
1.199196694505562979e-04
1.198072272453557386e-04
1.196237287979888395e-04
1.193080472014118636e-04
1.192204545568334309e-04
1.190911584031062535e-04
1.189579686859272816e-04
1.188104206679970956e-04
1.185793375137649333e-04
1.184733815390244435e-04
1.182657950801133264e-04
1.180998305217122434e-04
1.180194129255445292e-04
1.178594577781781280e-04
1.175954788871006167e-04
1.175152891443352810e-04
1.172104892988010588e-04
1.171426128248808995e-04
1.170305228454150437e-04
1.168200125702475870e-04
1.167361515653943244e-04
1.165179268534471371e-04
1.164287956902562953e-04
1.161613771458913278e-04
1.160465509960810975e-04
1.159752859404373165e-04
1.157743156200948854e-04
1.155366149413054367e-04
1.154487982942042831e-04
1.152131634095179011e-04
1.150788496751641287e-04
1.149159327477155521e-04
1.147181223318032109e-04
1.146713704026334921e-04
1.145371196953545576e-04
1.144200642413868333e-04
1.143828353436709478e-04
1.141971037460340663e-04
1.139304806230415030e-04
1.137019399570521761e-04
1.136169230736723941e-04
1.134810070058972660e-04
1.133388671902501015e-04
1.132837912454629143e-04
1.131625690009141738e-04
1.130261433104974464e-04
1.128888477877075704e-04
1.126018569609563136e-04
1.124813842091730581e-04
1.122350963500110438e-04
1.121931190091722828e-04
1.121088602842614895e-04
1.119101140796535378e-04
1.117546098270898007e-04
1.116882079374504803e-04
1.115820245522400458e-04
1.114738971912154942e-04
1.113943395591554899e-04
1.112601884111171543e-04
1.109586881358671942e-04
1.109248580489299738e-04
1.107936811257678424e-04
1.105489092207365142e-04
1.104782833168798121e-04
1.104311203615396779e-04
1.103068746569008861e-04
1.101113762879484220e-04
1.098948917817610686e-04
1.097911595281724845e-04
1.095506427033429855e-04
1.095112802318200240e-04
1.094063158097970849e-04
1.092488437150300191e-04
1.091698158810771061e-04
1.090093404114666874e-04
1.088729485114885875e-04
1.086402237049994201e-04
1.086236462051587122e-04
1.082981554115147109e-04
1.082805885535473289e-04
1.081574635727435886e-04
1.081140930486664166e-04
1.079478273921007032e-04
1.077870996968133353e-04
1.076417097865584347e-04
1.075444871020642763e-04
1.073115747521833225e-04
1.070668901672362766e-04
1.070388300256062714e-04
1.069495127636892380e-04
1.067603444606179892e-04
1.064591720712841470e-04
1.062981709473378463e-04
1.062125967100034494e-04
1.062085046390557594e-04
1.060382783096311767e-04
1.059549629092541178e-04
1.058361088978351067e-04
1.055708212081069079e-04
1.053215635833931735e-04
1.051709519452028927e-04
1.051531413257246971e-04
1.048544046416798189e-04
1.047113199918739347e-04
1.045991644091649178e-04
1.044987293845701178e-04
1.044067439061114645e-04
1.041110003935247647e-04
1.040420791910271533e-04
1.038830220132376357e-04
1.037986344199362337e-04
1.036845448424264705e-04
1.034442028885341737e-04
1.033426608953707794e-04
1.032334237057172597e-04
1.029832248436075994e-04
1.028096459822631893e-04
1.027130391035864482e-04
1.025934323590561078e-04
1.024892078437258328e-04
1.023857903707765473e-04
1.022304190259045391e-04
1.020094555766860276e-04
1.018579523426496163e-04
1.017670693892115837e-04
1.017382590316377538e-04
1.015905926225352680e-04
1.013238876938776523e-04
1.010352769377665261e-04
1.009566190214896938e-04
1.008459371860794885e-04
1.007933750945360610e-04
1.005715196985901348e-04
1.004609250447835678e-04
1.003367058531059140e-04
1.000024360293192950e-04
9.989036299713658859e-05
9.972409926378983781e-05
9.953960211784529887e-05
9.952852412424252832e-05
9.933140255351660469e-05
9.917128855858840385e-05
9.909128079756437631e-05
9.893929262212395606e-05
9.877248784944971636e-05
9.863672153383534692e-05
9.840926116774389748e-05
9.834444752228010370e-05
9.820547552341761142e-05
9.799348731330161783e-05
9.797545372479526666e-05
9.785851098221088685e-05
9.760475738191239049e-05
9.756348216440574692e-05
9.751980634344626351e-05
9.731672826116334379e-05
9.718362272847031944e-05
9.713172948860838377e-05
9.699935870461333246e-05
9.689687292890726100e-05
9.668030844179176361e-05
9.659240730559048621e-05
9.649903668841913371e-05
9.628982360011307563e-05
9.620664746412600798e-05
9.581030687668295228e-05
9.571361800952523833e-05
9.554407022767144836e-05
9.540338513462095311e-05
9.528147689023751623e-05
9.524215161476010127e-05
9.496243113601554999e-05
9.480244941705100973e-05
9.477694598818057310e-05
9.448210414451861899e-05
9.421218317602638825e-05
9.412193893518505672e-05
9.407053110584418486e-05
9.385005491459619015e-05
9.376002890315312881e-05
9.352932056777687802e-05
9.336998185553873372e-05
9.327946161173467576e-05
9.325186960923616134e-05
9.296196883664185992e-05
9.280638023342854305e-05
9.266457900729872332e-05
9.255819406239529411e-05
9.243808099145742186e-05
9.225834085960460352e-05
9.220759182026637066e-05
9.190949983782692098e-05
9.171705026839537911e-05
9.146819123310838146e-05
9.140870795506905570e-05
9.126906116243192703e-05
9.107083878866713863e-05
9.091894826001934761e-05
9.089250864006097460e-05
9.072974287703894163e-05
9.054525710901069845e-05
9.042412164986326519e-05
9.024464812921931917e-05
9.018157739773639001e-05
8.993558403961278620e-05
8.988474873443347095e-05
8.977444829592541749e-05
8.950892198278162233e-05
8.935159707085009657e-05
8.931095723627862932e-05
8.917013070548495703e-05
8.901965491841767040e-05
8.897286824612586241e-05
8.876972910063056770e-05
8.856710693416561806e-05
8.832288169535858159e-05
8.817558806135951095e-05
8.783154510056502074e-05
8.781915381304347256e-05
8.763794136282994644e-05
8.753541133528033890e-05
8.741616800435618624e-05
8.724468791263490311e-05
8.710519928418312290e-05
8.705839539419976832e-05
8.680227119413602265e-05
8.676078811201292274e-05
8.648297162946070259e-05
8.641162355382711298e-05
8.640149766531197040e-05
8.615008805128903172e-05
8.598152460414643496e-05
8.587120959357420443e-05
8.570545936328339404e-05
8.559127246748709063e-05
8.537076922799002518e-05
8.535410667666124809e-05
8.514177068834514962e-05
8.499105133696108997e-05
8.492726751659303351e-05
8.459854297056451156e-05
8.449674354143545173e-05
8.428912099124518591e-05
8.421458179732412052e-05
8.400314811914677830e-05
8.383873491792670518e-05
8.380776433741267666e-05
8.370253788928304708e-05
8.359437656924778896e-05
8.345150569047732401e-05
8.302218216102316911e-05
8.298143601952125310e-05
8.286566918221886097e-05
8.251130694391571553e-05
8.240834740784711997e-05
8.229387579353339074e-05
8.215854217211183421e-05
8.207414771828565640e-05
8.201021575898197907e-05
8.165655472252573218e-05
8.154975109436418223e-05
8.139615670756867910e-05
8.126393217810849148e-05
8.120036160494693562e-05
8.110264836191192627e-05
8.092291964639020455e-05
8.079477295587973479e-05
8.059182818352848506e-05
8.047727723118853550e-05
8.036816324917600487e-05
8.029393276863217531e-05
8.019425745723280437e-05
7.999286938818681036e-05
7.983597541732435541e-05
7.968841752714698459e-05
7.966546259338970460e-05
7.948071650533391011e-05
7.924572024493523048e-05
7.909287498122674924e-05
7.888713146856183190e-05
7.864237397424543466e-05
7.860233192927653561e-05
7.850546359037096082e-05
7.835226346672156841e-05
7.818325536023014704e-05
7.780893571469752260e-05
7.760871256306557924e-05
7.744575113804942536e-05
7.725880351233222973e-05
7.711509271765334809e-05
7.699202582585519148e-05
7.691013774873431495e-05
7.674486906115551409e-05
7.665636948605628596e-05
7.659446855685087658e-05
7.637209661650615699e-05
7.633435104322709806e-05
7.605735872392147857e-05
7.601357599158201832e-05
7.588013699792766275e-05
7.568232481253300164e-05
7.556638402057823682e-05
7.550438309119410327e-05
7.519946780903050945e-05
7.511689335764476765e-05
7.493672691493436237e-05
7.475073884045944949e-05
7.460623262921593616e-05
7.442245564126819153e-05
7.425067402603404483e-05
7.420372171335771745e-05
7.409538783130923735e-05
7.391366799366305099e-05
7.376014782879931691e-05
7.363025276882167298e-05
7.335893293425515616e-05
7.335288008223938324e-05
7.316037130849191244e-05
7.298860319521774604e-05
7.289250372768007102e-05
7.279436857452885627e-05
7.262025169360477976e-05
7.242639735074216762e-05
7.228744668964755878e-05
7.208718037273685033e-05
7.189391397281642696e-05
7.184265453353546552e-05
7.171579616538162891e-05
7.139926182560019400e-05
7.132911289706841062e-05
7.119072369653247083e-05
7.114586657021173090e-05
7.095703450944016474e-05
7.054668276490547033e-05
7.048689735369492043e-05
7.030298597104404587e-05
7.022982752551638127e-05
7.012160724871314803e-05
6.994228238413755980e-05
6.989705431791243034e-05
6.983775666056905602e-05
6.971185819263217619e-05
6.952642693218774790e-05
6.925367536817809912e-05
6.903163107259038106e-05
6.881038655224502008e-05
6.868023640544549866e-05
6.864003605243564770e-05
6.847279764850034171e-05
6.841667351231683067e-05
6.825267834567589178e-05
6.810664058656502255e-05
6.798289291938087802e-05
6.787904085296196904e-05
6.776547143652105951e-05
6.776373797512006769e-05
6.749100587840381037e-05
6.737946731896250502e-05
6.716045966190742832e-05
6.686308890548261238e-05
6.684330743750713027e-05
6.676128422324181843e-05
6.667146718802238476e-05
6.643221904108285569e-05
6.630576054957370094e-05
6.611073924264474822e-05
6.601629961936519289e-05
6.586830982127249217e-05
6.573634166390766474e-05
6.553694524577041356e-05
6.531572120917493495e-05
6.507067766804763896e-05
6.487439783419283773e-05
6.480126998969980528e-05
6.466411375731100130e-05
6.447777037111227904e-05
6.430012030841792260e-05
6.409538702233555482e-05
6.397841340076184096e-05
6.391899125343815770e-05
6.369503576544847012e-05
6.343979275139716102e-05
6.341319686792861344e-05
6.334551864552164185e-05
6.323716744599549612e-05
6.302071375457682107e-05
6.292678593699822169e-05
6.266163289744839987e-05
6.243554371241427853e-05
6.227954403671813216e-05
6.199244705141358682e-05
6.193050763229913643e-05
6.184092284736682015e-05
6.154063756060916220e-05
6.142213628922267392e-05
6.100793942507239435e-05
6.080276927494287825e-05
6.054789608600447202e-05
6.054182445060274001e-05
6.035143054203613062e-05
6.022043468120170755e-05
6.015183505054355173e-05
5.983289261713965962e-05
5.957416148354359415e-05
5.941998983909673663e-05
5.938055735723235182e-05
5.921458732061955999e-05
5.889687968857404627e-05
5.875100003880677426e-05
5.844809584530989927e-05
5.833571561002372203e-05
5.812248714962938220e-05
5.803194376171784413e-05
5.798315054853867961e-05
5.772070503996051892e-05
5.766914790040385128e-05
5.734324566772096467e-05
5.717568767054150307e-05
5.686533206787035809e-05
5.679806967632322411e-05
5.668926858825317931e-05
5.649256268128536858e-05
5.635196596225718648e-05
5.613771751238121689e-05
5.603135666000096408e-05
5.588539731012900826e-05
5.572879728987980695e-05
5.559793860627692614e-05
5.545183504975625927e-05
5.519024333601425325e-05
5.514493420238161683e-05
5.501137676654271397e-05
5.488091253136921725e-05
5.456921909304519831e-05
5.450679082525041483e-05
5.448306337882209471e-05
5.426995472633305753e-05
5.410655325022284260e-05
5.394665749909601605e-05
5.379333396422234995e-05
5.359565224879043040e-05
5.347102043882701245e-05
5.322311318925419528e-05
5.308872641417232793e-05
5.293110256195065040e-05
5.277496495670421547e-05
5.268178973746055267e-05
5.249336955042281541e-05
5.240726999649821004e-05
5.225725616793354991e-05
5.212017741618051768e-05
5.205288613926877027e-05
5.182630317777965617e-05
5.168742219019210307e-05
5.153339794856901814e-05
5.128447981734258836e-05
5.119097997439259168e-05
5.098839155244004828e-05
5.077636704746205494e-05
5.072413649979482924e-05
5.062277016025170539e-05
5.048515486079490489e-05
5.028199958998442928e-05
4.999116524072024582e-05
4.995471240308892305e-05
4.971094379592912155e-05
4.958388513471384486e-05
4.941526923163968866e-05
4.910980739424022429e-05
4.897696025925117705e-05
4.883834002630311642e-05
4.876063163326092701e-05
4.861017309508238620e-05
4.843672513948665999e-05
4.832594428432652887e-05
4.812792118704170823e-05
4.797917560183681220e-05
4.786131834088300680e-05
4.784641262864310925e-05
4.772645496496452324e-05
4.735884516400243902e-05
4.721874814018696181e-05
4.710509953885967541e-05
4.690741567040575960e-05
4.669417889380994612e-05
4.647473149857436249e-05
4.640589082983225086e-05
4.619482784342743373e-05
4.609752237514465535e-05
4.581586248343208668e-05
4.580760349891605318e-05
4.567659732628731074e-05
4.554727620971785418e-05
4.535418064987698807e-05
4.529012944834397961e-05
4.502066598555024923e-05
4.486548187955797634e-05
4.471976006396921794e-05
4.459147292013258682e-05
4.450962173486817589e-05
4.441756810773132082e-05
4.426782860309137497e-05
4.407241108812090850e-05
4.397151793052269845e-05
4.381843525280940691e-05
4.360448863189142320e-05
4.342432385021464003e-05
4.329582159222707019e-05
4.318608217036658324e-05
4.305920098299487718e-05
4.291214289704325669e-05
4.283532117069152194e-05
4.257246997406657251e-05
4.249733032483274348e-05
4.237507273319666951e-05
4.225393413695289997e-05
4.220642570141781044e-05
4.196220650310490154e-05
4.188384216802075742e-05
4.181381972751106355e-05
4.153782935293461401e-05
4.138555120094150234e-05
4.132685361136309614e-05
4.122642251179687900e-05
4.099803790904391494e-05
4.079461247190139796e-05
4.061735054442520743e-05
4.029855777491029721e-05
4.017908223965300401e-05
4.016747137397528369e-05
3.997419549780017268e-05
3.969949169706822747e-05
3.965980449618320005e-05
3.958666914719839540e-05
3.939565960869733811e-05
3.933818966898150444e-05
3.912949100472452689e-05
3.904056068904116774e-05
3.900486934073796818e-05
3.875702004679540223e-05
3.868237925584748423e-05
3.852310763736391686e-05
3.835931610764010084e-05
3.818395864414464712e-05
3.808327701451213299e-05
3.794133974602730621e-05
3.780701402371283373e-05
3.776034196324582403e-05
3.758243883256939734e-05
3.754584957067128693e-05
3.737004610756910718e-05
3.716913376747266705e-05
3.686744943776694184e-05
3.682393394689983447e-05
3.677194553612319781e-05
3.639936971677316897e-05
3.629877516834286219e-05
3.626463125509174766e-05
3.609362620728874950e-05
3.590515795111161795e-05
3.557148183995834974e-05
3.528626320657239624e-05
3.522525645232626914e-05
3.492124877499076726e-05
3.484791641748331473e-05
3.421566690713309129e-05
3.412385709662523202e-05
3.384392355293742191e-05
3.376548358460997751e-05
3.342896409832019924e-05
3.325763317867565249e-05
3.307144836552643760e-05
3.251344737310212429e-05
3.236354849413199163e-05
3.204260974656832273e-05
3.177181551257752314e-05
3.158989887174891642e-05
3.134774143258658736e-05
3.116876738434610773e-05
3.106615353966959574e-05
3.078405242280495674e-05
3.050018024413851247e-05
3.046078465076699492e-05
3.035384227928385130e-05
3.025204642544123424e-05
2.998410241856190882e-05
2.980972621143019926e-05
2.942967397351034834e-05
2.928400961430677315e-05
2.924164514798026539e-05
2.874856607940460372e-05
2.841537614849312920e-05
2.828219624934398630e-05
2.805105997276403885e-05
2.792728776796457702e-05
2.779624732083105755e-05
2.767835261354904160e-05
2.726857526071752049e-05
2.673468788843279839e-05
2.655533527430291120e-05
2.639859846608437477e-05
2.620761650001689127e-05
2.596378629394416524e-05
2.584952176610770869e-05
2.569293265191812872e-05
2.562939146536119650e-05
2.547465711904717148e-05
2.531172996666994368e-05
2.505759536678987595e-05
2.487392100008295833e-05
2.472499474730251371e-05
2.455221480558646653e-05
2.447256519724902766e-05
2.425091030529814436e-05
2.412405879450984375e-05
2.379187590217116677e-05
2.362931743629927898e-05
2.345477688747531000e-05
2.337861623392855902e-05
2.309049357827318383e-05
2.287789373813977473e-05
2.271316851859069114e-05
2.246698932047485811e-05
2.244791548436681576e-05
2.232144144098113249e-05
2.225864721889306557e-05
2.211294200670423652e-05
2.183793494957239373e-05
2.156707561381676093e-05
2.142496721508758663e-05
2.132062755302602673e-05
2.120780108217865191e-05
2.109553268093073404e-05
2.083742638047444618e-05
2.071038427665672252e-05
2.040553718824039507e-05
2.010882237383727282e-05
1.998213082176151435e-05
1.984012144660847975e-05
1.976107402297703090e-05
1.929604362968248766e-05
1.913541149994178977e-05
1.898180708092506793e-05
1.875955359039551730e-05
1.866770454849796897e-05
1.848099190398741904e-05
1.803142237748814257e-05
1.784605754382650674e-05
1.740990611845716520e-05
1.705527513084725168e-05
1.692284399121650587e-05
1.672079381503836654e-05
1.648556645147375541e-05
1.640919981506887756e-05
1.630020025691644337e-05
1.611408993231855545e-05
1.588804578331393235e-05
1.579159210792088574e-05
1.541820313146634972e-05
1.533634029432408483e-05
1.519999066071686913e-05
1.515181030864751184e-05
1.493296628416132514e-05
1.480443931745274110e-05
1.447514765931694098e-05
1.435526361599568835e-05
1.421213270263388228e-05
1.399192909350063480e-05
1.380644500150244696e-05
1.377917060593760716e-05
1.366757632594965586e-05
1.350360286930057547e-05
1.344914581825776196e-05
1.333206321751527014e-05
1.323190534342890350e-05
1.296316238129567342e-05
1.294797904512703680e-05
1.267138634428345528e-05
1.249135166549637471e-05
1.192380697354926685e-05
1.185852299733377369e-05
1.153460330435316253e-05
1.136194868270883168e-05
1.115359629739382695e-05
1.108957734098584561e-05
1.059895558476508707e-05
1.044484468437531715e-05
1.033388805501389880e-05
1.026063916825090075e-05
1.013929065982347755e-05
9.798736663359405819e-06
9.723851945141566143e-06
9.601107122660417685e-06
9.411650682979785522e-06
8.924099882959114915e-06
8.701778993494232485e-06
8.512551753342503948e-06
8.389057441009401174e-06
8.142179275165451838e-06
8.019268973985515663e-06
7.940270255911672799e-06
7.617064784291632211e-06
7.308301193022797430e-06
7.267435301011086940e-06
6.958887385182321157e-06
6.925618616743684765e-06
6.785154884552572201e-06
6.579239424726058337e-06
6.475781066957962538e-06
6.366220098553444536e-06
6.314162508619243329e-06
6.117171438909729907e-06
5.942955292537608134e-06
5.881474363422104259e-06
5.840678548633263371e-06
5.772151975709967285e-06
5.249220685693122018e-06
5.052484451804283977e-06
4.999572575690563619e-06
4.957389191020873042e-06
4.866272674287134088e-06
4.709481208972503928e-06
4.626764727017542854e-06
4.559212621489516697e-06
4.447256917281552971e-06
4.271862161883734867e-06
4.179169496972439601e-06
4.065025392182988589e-06
3.985966600110982074e-06
3.854860704583949493e-06
3.790162329840362328e-06
3.576849813692092794e-06
3.560392886170467142e-06
3.363484116958430109e-06
3.333576190537400867e-06
3.144519458073060181e-06
3.100199432535033058e-06
2.952724535419046971e-06
2.878874264909595124e-06
2.736816969639178508e-06
2.662157333723941084e-06
2.615357398554420147e-06
2.428108289810236555e-06
2.340839335265743629e-06
2.255329014830075172e-06
2.020608477014824261e-06
1.874540345222482875e-06
1.779851523575335177e-06
1.705012463268965975e-06
1.648924895749258021e-06
1.573751916568678792e-06
1.236428099508566100e-06
1.195818859239771695e-06
1.069250018144761989e-06
1.026038121357002690e-06
9.545550478059438275e-07
9.459605850263338170e-07
8.677651451165625978e-07
6.540040130788023919e-07
5.474825836770071526e-07
4.863831586125557110e-07
3.728468248357737356e-07
2.702307972958445584e-07
2.460640505063653436e-07
1.778313351757900914e-07
1.253255023248596215e-07
9.301582026419313587e-08
8.839942667298302224e-08
6.821672749400287321e-08
5.190357978472623025e-08
1.692635096867491136e-31
9.290563150367711864e-34
